# Posterior for <sigma v>.
# Columns: <sigma v> (cm^3/s), m_DM (GeV), posterior.
9.999999999999999744e-49 1.000000000000000000e+01 5.545228302923767633e+46
9.999999999999999744e-49 1.268961003167922108e+01 5.578684962294358300e+46
9.999999999999999744e-49 1.610262027560939302e+01 5.596756734926130342e+46
9.999999999999999744e-49 2.043359717856941771e+01 5.597107474355564334e+46
9.999999999999999744e-49 2.592943797404667094e+01 5.580501622803696757e+46
9.999999999999999744e-49 3.290344562312667875e+01 5.551837488141473526e+46
9.999999999999999744e-49 4.175318936560400118e+01 5.517662475917739965e+46
9.999999999999999744e-49 5.298316906283707084e+01 5.484873935847710071e+46
9.999999999999999744e-49 6.723357536499334230e+01 5.460759384121250767e+46
9.999999999999999744e-49 8.531678524172805567e+01 5.450340909073863048e+46
9.999999999999999744e-49 1.082636733874054045e+02 5.453580145730279289e+46
9.999999999999999744e-49 1.373823795883263870e+02 5.465643355032609069e+46
9.999999999999999744e-49 1.743328822199987371e+02 5.479058182072257034e+46
9.999999999999999744e-49 2.212216291070450325e+02 5.487939599027646276e+46
9.999999999999999744e-49 2.807216203941175650e+02 5.491236293345579285e+46
9.999999999999999744e-49 3.562247890262444230e+02 5.491743381432252724e+46
9.999999999999999744e-49 4.520353656360240393e+02 5.493168505837091409e+46
9.999999999999999744e-49 5.736152510448681596e+02 5.497071955897039926e+46
9.999999999999999744e-49 7.278953843983146044e+02 5.501110912372237721e+46
9.999999999999999744e-49 9.236708571873865594e+02 5.500042479826981515e+46
9.999999999999999744e-49 1.172102297533480623e+03 5.488666434361356926e+46
9.999999999999999744e-49 1.487352107293511835e+03 5.464117731307715237e+46
9.999999999999999744e-49 1.887391822135097755e+03 5.426496218794445484e+46
9.999999999999999744e-49 2.395026619987485901e+03 5.377678685080064305e+46
9.999999999999999744e-49 3.039195382313198024e+03 5.318066663858177235e+46
9.999999999999999744e-49 3.856620421163472201e+03 5.243741668801967549e+46
9.999999999999999744e-49 4.893900918477494088e+03 5.148433770543304789e+46
9.999999999999999744e-49 6.210169418915616006e+03 5.029009015456631912e+46
9.999999999999999744e-49 7.880462815669912743e+03 4.887526819716363145e+46
9.999999999999999744e-49 1.000000000000000000e+04 4.729501876113715449e+46
1.212305401337652862e-48 1.000000000000000000e+01 4.574112865777236428e+46
1.212305401337652862e-48 1.268961003167922108e+01 4.601709978488468470e+46
1.212305401337652862e-48 1.610262027560939302e+01 4.616616677323803254e+46
1.212305401337652862e-48 2.043359717856941771e+01 4.616905988473302872e+46
1.212305401337652862e-48 2.592943797404667094e+01 4.603208471086458753e+46
1.212305401337652862e-48 3.290344562312667875e+01 4.579564530933199909e+46
1.212305401337652862e-48 4.175318936560400118e+01 4.551374853200652435e+46
1.212305401337652862e-48 5.298316906283707084e+01 4.524328797429754139e+46
1.212305401337652862e-48 6.723357536499334230e+01 4.504437578659423258e+46
1.212305401337652862e-48 8.531678524172805567e+01 4.495843752665482967e+46
1.212305401337652862e-48 1.082636733874054045e+02 4.498515682930654204e+46
1.212305401337652862e-48 1.373823795883263870e+02 4.508466190302597576e+46
1.212305401337652862e-48 1.743328822199987371e+02 4.519531594609927542e+46
1.212305401337652862e-48 2.212216291070450325e+02 4.526857550806410212e+46
1.212305401337652862e-48 2.807216203941175650e+02 4.529576873075316158e+46
1.212305401337652862e-48 3.562247890262444230e+02 4.529995151423480915e+46
1.212305401337652862e-48 4.520353656360240393e+02 4.531170684198672244e+46
1.212305401337652862e-48 5.736152510448681596e+02 4.534390496535489701e+46
1.212305401337652862e-48 7.278953843983146044e+02 4.537722082754891561e+46
1.212305401337652862e-48 9.236708571873865594e+02 4.536840772195666903e+46
1.212305401337652862e-48 1.172102297533480623e+03 4.527457090645035495e+46
1.212305401337652862e-48 1.487352107293511835e+03 4.507207758170401759e+46
1.212305401337652862e-48 1.887391822135097755e+03 4.476175114871815908e+46
1.212305401337652862e-48 2.395026619987485901e+03 4.435907229813439588e+46
1.212305401337652862e-48 3.039195382313198024e+03 4.386735286534915448e+46
1.212305401337652862e-48 3.856620421163472201e+03 4.325427023534772793e+46
1.212305401337652862e-48 4.893900918477494088e+03 4.246810528521128244e+46
1.212305401337652862e-48 6.210169418915616006e+03 4.148300636517525212e+46
1.212305401337652862e-48 7.880462815669912743e+03 4.031596043827943634e+46
1.212305401337652862e-48 1.000000000000000000e+04 3.901245641078405651e+46
1.469684386112447573e-48 1.000000000000000000e+01 3.773064691197927930e+46
1.469684386112447573e-48 1.268961003167922108e+01 3.795828439585849553e+46
1.469684386112447573e-48 1.610262027560939302e+01 3.808124364705763127e+46
1.469684386112447573e-48 2.043359717856941771e+01 3.808363005529587014e+46
1.469684386112447573e-48 2.592943797404667094e+01 3.797064485067784064e+46
1.469684386112447573e-48 3.290344562312667875e+01 3.777561552627759518e+46
1.469684386112447573e-48 4.175318936560400118e+01 3.754308999280893746e+46
1.469684386112447573e-48 5.298316906283707084e+01 3.731999749648823068e+46
1.469684386112447573e-48 6.723357536499334230e+01 3.715592234797280329e+46
1.469684386112447573e-48 8.531678524172805567e+01 3.708503508722924663e+46
1.469684386112447573e-48 1.082636733874054045e+02 3.710707484435033879e+46
1.469684386112447573e-48 1.373823795883263870e+02 3.718915285502744769e+46
1.469684386112447573e-48 1.743328822199987371e+02 3.728042719652286670e+46
1.469684386112447573e-48 2.212216291070450325e+02 3.734085621880239325e+46
1.469684386112447573e-48 2.807216203941175650e+02 3.736328686899250574e+46
1.469684386112447573e-48 3.562247890262444230e+02 3.736673708703115662e+46
1.469684386112447573e-48 4.520353656360240393e+02 3.737643360677658494e+46
1.469684386112447573e-48 5.736152510448681596e+02 3.740299260361128566e+46
1.469684386112447573e-48 7.278953843983146044e+02 3.743047357682259518e+46
1.469684386112447573e-48 9.236708571873865594e+02 3.742320398537918941e+46
1.469684386112447573e-48 1.172102297533480623e+03 3.734580159401338943e+46
1.469684386112447573e-48 1.487352107293511835e+03 3.717877251935649715e+46
1.469684386112447573e-48 1.887391822135097755e+03 3.692279575685186509e+46
1.469684386112447573e-48 2.395026619987485901e+03 3.659064050442341604e+46
1.469684386112447573e-48 3.039195382313198024e+03 3.618503831641056081e+46
1.469684386112447573e-48 3.856620421163472201e+03 3.567932707336345881e+46
1.469684386112447573e-48 4.893900918477494088e+03 3.503084492095239239e+46
1.469684386112447573e-48 6.210169418915616006e+03 3.421826705652407888e+46
1.469684386112447573e-48 7.880462815669912743e+03 3.325560499605243677e+46
1.469684386112447573e-48 1.000000000000000000e+04 3.218038101318678975e+46
1.781706319545732601e-48 1.000000000000000000e+01 3.112300670262762242e+46
1.781706319545732601e-48 1.268961003167922108e+01 3.131077524437247785e+46
1.781706319545732601e-48 1.610262027560939302e+01 3.141219902970272456e+46
1.781706319545732601e-48 2.043359717856941771e+01 3.141416747413349142e+46
1.781706319545732601e-48 2.592943797404667094e+01 3.132097085379830261e+46
1.781706319545732601e-48 3.290344562312667875e+01 3.116009943208517117e+46
1.781706319545732601e-48 4.175318936560400118e+01 3.096829873934830677e+46
1.781706319545732601e-48 5.298316906283707084e+01 3.078427873483855684e+46
1.781706319545732601e-48 6.723357536499334230e+01 3.064893962323060555e+46
1.781706319545732601e-48 8.531678524172805567e+01 3.059046748611816877e+46
1.781706319545732601e-48 1.082636733874054045e+02 3.060864722452890173e+46
1.781706319545732601e-48 1.373823795883263870e+02 3.067635016735319703e+46
1.781706319545732601e-48 1.743328822199987371e+02 3.075163876961574208e+46
1.781706319545732601e-48 2.212216291070450325e+02 3.080148426293637705e+46
1.781706319545732601e-48 2.807216203941175650e+02 3.081998640953617439e+46
1.781706319545732601e-48 3.562247890262444230e+02 3.082283235626741849e+46
1.781706319545732601e-48 4.520353656360240393e+02 3.083083062692898751e+46
1.781706319545732601e-48 5.736152510448681596e+02 3.085273807726120824e+46
1.781706319545732601e-48 7.278953843983146044e+02 3.087540602560888573e+46
1.781706319545732601e-48 9.236708571873865594e+02 3.086940963265488742e+46
1.781706319545732601e-48 1.172102297533480623e+03 3.080556350542737416e+46
1.781706319545732601e-48 1.487352107293511835e+03 3.066778783413436979e+46
1.781706319545732601e-48 1.887391822135097755e+03 3.045664251061920029e+46
1.781706319545732601e-48 2.395026619987485901e+03 3.018266011800267855e+46
1.781706319545732601e-48 3.039195382313198024e+03 2.984809356981636573e+46
1.781706319545732601e-48 3.856620421163472201e+03 2.943094994677582180e+46
1.781706319545732601e-48 4.893900918477494088e+03 2.889603850963006255e+46
1.781706319545732601e-48 6.210169418915616006e+03 2.822576856402578086e+46
1.781706319545732601e-48 7.880462815669912743e+03 2.743169729231912064e+46
1.781706319545732601e-48 1.000000000000000000e+04 2.654477551796567132e+46
2.159972194782721516e-48 1.000000000000000000e+01 2.567253472567891896e+46
2.159972194782721516e-48 1.268961003167922108e+01 2.582741662683085559e+46
2.159972194782721516e-48 1.610262027560939302e+01 2.591107648799302864e+46
2.159972194782721516e-48 2.043359717856941771e+01 2.591270016736037306e+46
2.159972194782721516e-48 2.592943797404667094e+01 2.583582652361762729e+46
2.159972194782721516e-48 3.290344562312667875e+01 2.570313088339518694e+46
2.159972194782721516e-48 4.175318936560400118e+01 2.554492284794698817e+46
2.159972194782721516e-48 5.298316906283707084e+01 2.539313254391722953e+46
2.159972194782721516e-48 6.723357536499334230e+01 2.528149691662190652e+46
2.159972194782721516e-48 8.531678524172805567e+01 2.523326564017823447e+46
2.159972194782721516e-48 1.082636733874054045e+02 2.524826136555169783e+46
2.159972194782721516e-48 1.373823795883263870e+02 2.530410674935733275e+46
2.159972194782721516e-48 1.743328822199987371e+02 2.536620920059543362e+46
2.159972194782721516e-48 2.212216291070450325e+02 2.540732466354874223e+46
2.159972194782721516e-48 2.807216203941175650e+02 2.542258630751021475e+46
2.159972194782721516e-48 3.562247890262444230e+02 2.542493380930622424e+46
2.159972194782721516e-48 4.520353656360240393e+02 2.543153124621283566e+46
2.159972194782721516e-48 5.736152510448681596e+02 2.544960177816063221e+46
2.159972194782721516e-48 7.278953843983146044e+02 2.546829960976937642e+46
2.159972194782721516e-48 9.236708571873865594e+02 2.546335343921816266e+46
2.159972194782721516e-48 1.172102297533480623e+03 2.541068945959869268e+46
2.159972194782721516e-48 1.487352107293511835e+03 2.529704403142019394e+46
2.159972194782721516e-48 1.887391822135097755e+03 2.512287881306401817e+46
2.159972194782721516e-48 2.395026619987485901e+03 2.489688148594119932e+46
2.159972194782721516e-48 3.039195382313198024e+03 2.462091016209542314e+46
2.159972194782721516e-48 3.856620421163472201e+03 2.427682342791104273e+46
2.159972194782721516e-48 4.893900918477494088e+03 2.383559328114664333e+46
2.159972194782721516e-48 6.210169418915616006e+03 2.328270922393105335e+46
2.159972194782721516e-48 7.880462815669912743e+03 2.262770395595932378e+46
2.159972194782721516e-48 1.000000000000000000e+04 2.189610769967168002e+46
2.618545958474238195e-48 1.000000000000000000e+01 2.117658131136258747e+46
2.618545958474238195e-48 1.268961003167922108e+01 2.130433608062632312e+46
2.618545958474238195e-48 1.610262027560939302e+01 2.137334305833969661e+46
2.618545958474238195e-48 2.043359717856941771e+01 2.137468235226577601e+46
2.618545958474238195e-48 2.592943797404667094e+01 2.131127300093780801e+46
2.618545958474238195e-48 3.290344562312667875e+01 2.120181865489392934e+46
2.618545958474238195e-48 4.175318936560400118e+01 2.107132013377209952e+46
2.618545958474238195e-48 5.298316906283707084e+01 2.094611509799369166e+46
2.618545958474238195e-48 6.723357536499334230e+01 2.085403173888748207e+46
2.618545958474238195e-48 8.531678524172805567e+01 2.081424783244057900e+46
2.618545958474238195e-48 1.082636733874054045e+02 2.082661716356982825e+46
2.618545958474238195e-48 1.373823795883263870e+02 2.087268161322926372e+46
2.618545958474238195e-48 1.743328822199987371e+02 2.092390721782420881e+46
2.618545958474238195e-48 2.212216291070450325e+02 2.095782155103785505e+46
2.618545958474238195e-48 2.807216203941175650e+02 2.097041020564026022e+46
2.618545958474238195e-48 3.562247890262444230e+02 2.097234655579704996e+46
2.618545958474238195e-48 4.520353656360240393e+02 2.097778848876396162e+46
2.618545958474238195e-48 5.736152510448681596e+02 2.099269406689720133e+46
2.618545958474238195e-48 7.278953843983146044e+02 2.100811707373119741e+46
2.618545958474238195e-48 9.236708571873865594e+02 2.100403719868039831e+46
2.618545958474238195e-48 1.172102297533480623e+03 2.096059702253473521e+46
2.618545958474238195e-48 1.487352107293511835e+03 2.086685588161758695e+46
2.618545958474238195e-48 1.887391822135097755e+03 2.072319441534688728e+46
2.618545958474238195e-48 2.395026619987485901e+03 2.053677851606531002e+46
2.618545958474238195e-48 3.039195382313198024e+03 2.030914065019121484e+46
2.618545958474238195e-48 3.856620421163472201e+03 2.002531641425958948e+46
2.618545958474238195e-48 4.893900918477494088e+03 1.966136129491325349e+46
2.618545958474238195e-48 6.210169418915616006e+03 1.920530559390946714e+46
2.618545958474238195e-48 7.880462815669912743e+03 1.866501209927245663e+46
2.618545958474238195e-48 1.000000000000000000e+04 1.806153973739765250e+46
3.174477409109199857e-48 1.000000000000000000e+01 1.746798589463609038e+46
3.174477409109199857e-48 1.268961003167922108e+01 1.757336439082124498e+46
3.174477409109199857e-48 1.610262027560939302e+01 1.763028469581051801e+46
3.174477409109199857e-48 2.043359717856941771e+01 1.763138940975839942e+46
3.174477409109199857e-48 2.592943797404667094e+01 1.757908630200775433e+46
3.174477409109199857e-48 3.290344562312667875e+01 1.748880292866914997e+46
3.174477409109199857e-48 4.175318936560400118e+01 1.738116107985471559e+46
3.174477409109199857e-48 5.298316906283707084e+01 1.727788537534633353e+46
3.174477409109199857e-48 6.723357536499334230e+01 1.720193005986729737e+46
3.174477409109199857e-48 8.531678524172805567e+01 1.716911412192334350e+46
3.174477409109199857e-48 1.082636733874054045e+02 1.717931702333552723e+46
3.174477409109199857e-48 1.373823795883263870e+02 1.721731348998853031e+46
3.174477409109199857e-48 1.743328822199987371e+02 1.725956712992457131e+46
3.174477409109199857e-48 2.212216291070450325e+02 1.728754148160477448e+46
3.174477409109199857e-48 2.807216203941175650e+02 1.729792527297943394e+46
3.174477409109199857e-48 3.562247890262444230e+02 1.729952247734106091e+46
3.174477409109199857e-48 4.520353656360240393e+02 1.730401127219783724e+46
3.174477409109199857e-48 5.736152510448681596e+02 1.731630618163556972e+46
3.174477409109199857e-48 7.278953843983146044e+02 1.732902789092943104e+46
3.174477409109199857e-48 9.236708571873865594e+02 1.732566259513197708e+46
3.174477409109199857e-48 1.172102297533480623e+03 1.728983083816035131e+46
3.174477409109199857e-48 1.487352107293511835e+03 1.721250810924851512e+46
3.174477409109199857e-48 1.887391822135097755e+03 1.709400822794887570e+46
3.174477409109199857e-48 2.395026619987485901e+03 1.694024182349647378e+46
3.174477409109199857e-48 3.039195382313198024e+03 1.675247276060128718e+46
3.174477409109199857e-48 3.856620421163472201e+03 1.651835727164808609e+46
3.174477409109199857e-48 4.893900918477494088e+03 1.621814408752906153e+46
3.174477409109199857e-48 6.210169418915616006e+03 1.584195937337074393e+46
3.174477409109199857e-48 7.880462815669912743e+03 1.539628848011211620e+46
3.174477409109199857e-48 1.000000000000000000e+04 1.489850209444858870e+46
3.848436109487440981e-48 1.000000000000000000e+01 1.440886197277212692e+46
3.848436109487440981e-48 1.268961003167922108e+01 1.449578304582093445e+46
3.848436109487440981e-48 1.610262027560939302e+01 1.454273347284953894e+46
3.848436109487440981e-48 2.043359717856941771e+01 1.454364468993643541e+46
3.848436109487440981e-48 2.592943797404667094e+01 1.450050273787675118e+46
3.848436109487440981e-48 3.290344562312667875e+01 1.442603284352054997e+46
3.848436109487440981e-48 4.175318936560400118e+01 1.433724469328911371e+46
3.848436109487440981e-48 5.298316906283707084e+01 1.425205776699358042e+46
3.848436109487440981e-48 6.723357536499334230e+01 1.418940594696990818e+46
3.848436109487440981e-48 8.531678524172805567e+01 1.416233766001979042e+46
3.848436109487440981e-48 1.082636733874054045e+02 1.417075354378087754e+46
3.848436109487440981e-48 1.373823795883263870e+02 1.420209499357518211e+46
3.848436109487440981e-48 1.743328822199987371e+02 1.423694795334365623e+46
3.848436109487440981e-48 2.212216291070450325e+02 1.426002260970676023e+46
3.848436109487440981e-48 2.807216203941175650e+02 1.426858768211949821e+46
3.848436109487440981e-48 3.562247890262444230e+02 1.426990513630922362e+46
3.848436109487440981e-48 4.520353656360240393e+02 1.427360771901523271e+46
3.848436109487440981e-48 5.736152510448681596e+02 1.428374917416753820e+46
3.848436109487440981e-48 7.278953843983146044e+02 1.429424267260738396e+46
3.848436109487440981e-48 9.236708571873865594e+02 1.429146680954738544e+46
3.848436109487440981e-48 1.172102297533480623e+03 1.426191098606946088e+46
3.848436109487440981e-48 1.487352107293511835e+03 1.419813126709663648e+46
3.848436109487440981e-48 1.887391822135097755e+03 1.410038636413362651e+46
3.848436109487440981e-48 2.395026619987485901e+03 1.397355149244169751e+46
3.848436109487440981e-48 3.039195382313198024e+03 1.381866896816708520e+46
3.848436109487440981e-48 3.856620421163472201e+03 1.362555672043751631e+46
3.848436109487440981e-48 4.893900918477494088e+03 1.337792238396835653e+46
3.848436109487440981e-48 6.210169418915616006e+03 1.306762096923291375e+46
3.848436109487440981e-48 7.880462815669912743e+03 1.270000164304975883e+46
3.848436109487440981e-48 1.000000000000000000e+04 1.228939277455972434e+46
4.665479882234486983e-48 1.000000000000000000e+01 1.188547047443777774e+46
4.665479882234486983e-48 1.268961003167922108e+01 1.195716667207788045e+46
4.665479882234486983e-48 1.610262027560939302e+01 1.199589330453435763e+46
4.665479882234486983e-48 2.043359717856941771e+01 1.199664491304452697e+46
4.665479882234486983e-48 2.592943797404667094e+01 1.196105966938548008e+46
4.665479882234486983e-48 3.290344562312667875e+01 1.189963375313129310e+46
4.665479882234486983e-48 4.175318936560400118e+01 1.182639736178801834e+46
4.665479882234486983e-48 5.298316906283707084e+01 1.175613124947527500e+46
4.665479882234486983e-48 6.723357536499334230e+01 1.170445303410157169e+46
4.665479882234486983e-48 8.531678524172805567e+01 1.168212579224470033e+46
4.665479882234486983e-48 1.082636733874054045e+02 1.168906762480022262e+46
4.665479882234486983e-48 1.373823795883263870e+02 1.171491957410506542e+46
4.665479882234486983e-48 1.743328822199987371e+02 1.174366796235170602e+46
4.665479882234486983e-48 2.212216291070450325e+02 1.176270102634104324e+46
4.665479882234486983e-48 2.807216203941175650e+02 1.176976589936387175e+46
4.665479882234486983e-48 3.562247890262444230e+02 1.177085259716480260e+46
4.665479882234486983e-48 4.520353656360240393e+02 1.177390666025799774e+46
4.665479882234486983e-48 5.736152510448681596e+02 1.178227180445175545e+46
4.665479882234486983e-48 7.278953843983146044e+02 1.179092732794866525e+46
4.665479882234486983e-48 9.236708571873865594e+02 1.178863766778227387e+46
4.665479882234486983e-48 1.172102297533480623e+03 1.176425864777698415e+46
4.665479882234486983e-48 1.487352107293511835e+03 1.171165010003730514e+46
4.665479882234486983e-48 1.887391822135097755e+03 1.163102528818192112e+46
4.665479882234486983e-48 2.395026619987485901e+03 1.152640536018993658e+46
4.665479882234486983e-48 3.039195382313198024e+03 1.139864989570594553e+46
4.665479882234486983e-48 3.856620421163472201e+03 1.123935995332546587e+46
4.665479882234486983e-48 4.893900918477494088e+03 1.103509633259828542e+46
4.665479882234486983e-48 6.210169418915616006e+03 1.077914014419008352e+46
4.665479882234486983e-48 7.880462815669912743e+03 1.047590337246215501e+46
4.665479882234486983e-48 1.000000000000000000e+04 1.013720487269671331e+46
5.655986461065025768e-48 1.000000000000000000e+01 9.803990931820207599e+45
5.655986461065025768e-48 1.268961003167922108e+01 9.863128689239170905e+45
5.655986461065025768e-48 1.610262027560939302e+01 9.895071820527663635e+45
5.655986461065025768e-48 2.043359717856941771e+01 9.895691773918497451e+45
5.655986461065025768e-48 2.592943797404667094e+01 9.866339776766747533e+45
5.655986461065025768e-48 3.290344562312667875e+01 9.815673357468125905e+45
5.655986461065025768e-48 4.175318936560400118e+01 9.755265049783470077e+45
5.655986461065025768e-48 5.298316906283707084e+01 9.697306588038302853e+45
5.655986461065025768e-48 6.723357536499334230e+01 9.654680116372969094e+45
5.655986461065025768e-48 8.531678524172805567e+01 9.636263598806538631e+45
5.655986461065025768e-48 1.082636733874054045e+02 9.641989537352544407e+45
5.655986461065025768e-48 1.373823795883263870e+02 9.663313387709796142e+45
5.655986461065025768e-48 1.743328822199987371e+02 9.687026327755765539e+45
5.655986461065025768e-48 2.212216291070450325e+02 9.702725624123896839e+45
5.655986461065025768e-48 2.807216203941175650e+02 9.708553035497874198e+45
5.655986461065025768e-48 3.562247890262444230e+02 9.709449390488275066e+45
5.655986461065025768e-48 4.520353656360240393e+02 9.711968512627408383e+45
5.655986461065025768e-48 5.736152510448681596e+02 9.718868440659335678e+45
5.655986461065025768e-48 7.278953843983146044e+02 9.726007883700453426e+45
5.655986461065025768e-48 9.236708571873865594e+02 9.724119275071695742e+45
5.655986461065025768e-48 1.172102297533480623e+03 9.704010417459354432e+45
5.655986461065025768e-48 1.487352107293511835e+03 9.660616578428589624e+45
5.655986461065025768e-48 1.887391822135097755e+03 9.594113541553896177e+45
5.655986461065025768e-48 2.395026619987485901e+03 9.507817974610768655e+45
5.655986461065025768e-48 3.039195382313198024e+03 9.402438735004288291e+45
5.655986461065025768e-48 3.856620421163472201e+03 9.271047740208566935e+45
5.655986461065025768e-48 4.893900918477494088e+03 9.102559295698361343e+45
5.655986461065025768e-48 6.210169418915616006e+03 8.891430884315992067e+45
5.655986461065025768e-48 7.880462815669912743e+03 8.641301457713936735e+45
5.655986461065025768e-48 1.000000000000000000e+04 8.361919852536966573e+45
6.856782936641765794e-48 1.000000000000000000e+01 8.087033227732070441e+45
6.856782936641765794e-48 1.268961003167922108e+01 8.135812008947053219e+45
6.856782936641765794e-48 1.610262027560939302e+01 8.162159694469183195e+45
6.856782936641765794e-48 2.043359717856941771e+01 8.162671050718347278e+45
6.856782936641765794e-48 2.592943797404667094e+01 8.138460615538260355e+45
6.856782936641765794e-48 3.290344562312667875e+01 8.096669291916804398e+45
6.856782936641765794e-48 4.175318936560400118e+01 8.046842387669843819e+45
6.856782936641765794e-48 5.298316906283707084e+01 7.999036053587195578e+45
6.856782936641765794e-48 6.723357536499334230e+01 7.963876037751619062e+45
6.856782936641765794e-48 8.531678524172805567e+01 7.948685336601577059e+45
6.856782936641765794e-48 1.082636733874054045e+02 7.953408327629270545e+45
6.856782936641765794e-48 1.373823795883263870e+02 7.970997111642910657e+45
6.856782936641765794e-48 1.743328822199987371e+02 7.990556492606478811e+45
6.856782936641765794e-48 2.212216291070450325e+02 8.003505885598073484e+45
6.856782936641765794e-48 2.807216203941175650e+02 8.008312560107056367e+45
6.856782936641765794e-48 3.562247890262444230e+02 8.009051908281238729e+45
6.856782936641765794e-48 4.520353656360240393e+02 8.011129777222696496e+45
6.856782936641765794e-48 5.736152510448681596e+02 8.016821102204655325e+45
6.856782936641765794e-48 7.278953843983146044e+02 8.022709986244911429e+45
6.856782936641765794e-48 9.236708571873865594e+02 8.021152190263223493e+45
6.856782936641765794e-48 1.172102297533480623e+03 8.004565633001862981e+45
6.856782936641765794e-48 1.487352107293511835e+03 7.968772672998198795e+45
6.856782936641765794e-48 1.887391822135097755e+03 7.913918185708892056e+45
6.856782936641765794e-48 2.395026619987485901e+03 7.842737748162868295e+45
6.856782936641765794e-48 3.039195382313198024e+03 7.755815902503364804e+45
6.856782936641765794e-48 3.856620421163472201e+03 7.647437840952838138e+45
6.856782936641765794e-48 4.893900918477494088e+03 7.508459218781513672e+45
6.856782936641765794e-48 6.210169418915616006e+03 7.334307895561205902e+45
6.856782936641765794e-48 7.880462815669912743e+03 7.127985191627866416e+45
6.856782936641765794e-48 1.000000000000000000e+04 6.897532452478952420e+45
8.312514989890666076e-48 1.000000000000000000e+01 6.670760224243425068e+45
8.312514989890666076e-48 1.268961003167922108e+01 6.710994301258863923e+45
8.312514989890666076e-48 1.610262027560939302e+01 6.732726532062038179e+45
8.312514989890666076e-48 2.043359717856941771e+01 6.733148310997163354e+45
8.312514989890666076e-48 2.592943797404667094e+01 6.713178940170839373e+45
8.312514989890666076e-48 3.290344562312667875e+01 6.678708326112000207e+45
8.312514989890666076e-48 4.175318936560400118e+01 6.637609605525908167e+45
8.312514989890666076e-48 5.298316906283707084e+01 6.598177371676107978e+45
8.312514989890666076e-48 6.723357536499334230e+01 6.569176153976546116e+45
8.312514989890666076e-48 8.531678524172805567e+01 6.556646308640219358e+45
8.312514989890666076e-48 1.082636733874054045e+02 6.560542005527858890e+45
8.312514989890666076e-48 1.373823795883263870e+02 6.575049872728824554e+45
8.312514989890666076e-48 1.743328822199987371e+02 6.591183139204807867e+45
8.312514989890666076e-48 2.212216291070450325e+02 6.601864241335710590e+45
8.312514989890666076e-48 2.807216203941175650e+02 6.605828948897732253e+45
8.312514989890666076e-48 3.562247890262444230e+02 6.606438788139561861e+45
8.312514989890666076e-48 4.520353656360240393e+02 6.608152684163945537e+45
8.312514989890666076e-48 5.736152510448681596e+02 6.612847078715130050e+45
8.312514989890666076e-48 7.278953843983146044e+02 6.617704424595589760e+45
8.312514989890666076e-48 9.236708571873865594e+02 6.616419503265968264e+45
8.312514989890666076e-48 1.172102297533480623e+03 6.602738356917759634e+45
8.312514989890666076e-48 1.487352107293511835e+03 6.573215074992870725e+45
8.312514989890666076e-48 1.887391822135097755e+03 6.527969045334852506e+45
8.312514989890666076e-48 2.395026619987485901e+03 6.469256533997205672e+45
8.312514989890666076e-48 3.039195382313198024e+03 6.397559549582342167e+45
8.312514989890666076e-48 3.856620421163472201e+03 6.308164084407457443e+45
8.312514989890666076e-48 4.893900918477494088e+03 6.193527166242530905e+45
8.312514989890666076e-48 6.210169418915616006e+03 6.049877109901181803e+45
8.312514989890666076e-48 7.880462815669912743e+03 5.879689292101835436e+45
8.312514989890666076e-48 1.000000000000000000e+04 5.689596606015327229e+45
1.007730682094465823e-47 1.000000000000000000e+01 5.502514292001449713e+45
1.007730682094465823e-47 1.268961003167922108e+01 5.535700202322203943e+45
1.007730682094465823e-47 1.610262027560939302e+01 5.553625342798296914e+45
1.007730682094465823e-47 2.043359717856941771e+01 5.553973233286509297e+45
1.007730682094465823e-47 2.592943797404667094e+01 5.537502134110284190e+45
1.007730682094465823e-47 3.290344562312667875e+01 5.509070064100389763e+45
1.007730682094465823e-47 4.175318936560400118e+01 5.475170862337309773e+45
1.007730682094465823e-47 5.298316906283707084e+01 5.442646087194883187e+45
1.007730682094465823e-47 6.723357536499334230e+01 5.418725019660989919e+45
1.007730682094465823e-47 8.531678524172805567e+01 5.408390010841555089e+45
1.007730682094465823e-47 1.082636733874054045e+02 5.411603304872889833e+45
1.007730682094465823e-47 1.373823795883263870e+02 5.423569843849156192e+45
1.007730682094465823e-47 1.743328822199987371e+02 5.436877043270130732e+45
1.007730682094465823e-47 2.212216291070450325e+02 5.445687122339663743e+45
1.007730682094465823e-47 2.807216203941175650e+02 5.448957324920411164e+45
1.007730682094465823e-47 3.562247890262444230e+02 5.449460337412145469e+45
1.007730682094465823e-47 4.520353656360240393e+02 5.450874006712687194e+45
1.007730682094465823e-47 5.736152510448681596e+02 5.454746073242593030e+45
1.007730682094465823e-47 7.278953843983146044e+02 5.458752544693473870e+45
1.007730682094465823e-47 9.236708571873865594e+02 5.457692706700769360e+45
1.007730682094465823e-47 1.172102297533480623e+03 5.446408117622711331e+45
1.007730682094465823e-47 1.487352107293511835e+03 5.422056445717937456e+45
1.007730682094465823e-47 1.887391822135097755e+03 5.384736061975283540e+45
1.007730682094465823e-47 2.395026619987485901e+03 5.336307876029650578e+45
1.007730682094465823e-47 3.039195382313198024e+03 5.277169329450045796e+45
1.007730682094465823e-47 3.856620421163472201e+03 5.203431949660092625e+45
1.007730682094465823e-47 4.893900918477494088e+03 5.108873698135734208e+45
1.007730682094465823e-47 6.210169418915616006e+03 4.990383180004573688e+45
1.007730682094465823e-47 7.880462815669912743e+03 4.850001955333837734e+45
1.007730682094465823e-47 1.000000000000000000e+04 4.693201133651490365e+45
1.221677348996798101e-47 1.000000000000000000e+01 4.538859494451766460e+45
1.221677348996798101e-47 1.268961003167922108e+01 4.566231685037247969e+45
1.221677348996798101e-47 1.610262027560939302e+01 4.581016529434998767e+45
1.221677348996798101e-47 2.043359717856941771e+01 4.581303472725127440e+45
1.221677348996798101e-47 2.592943797404667094e+01 4.567717938973709074e+45
1.221677348996798101e-47 3.290344562312667875e+01 4.544266794863776893e+45
1.221677348996798101e-47 4.175318936560400118e+01 4.516306163657752213e+45
1.221677348996798101e-47 5.298316906283707084e+01 4.489479059525201249e+45
1.221677348996798101e-47 6.723357536499334230e+01 4.469748398148064312e+45
1.221677348996798101e-47 8.531678524172805567e+01 4.461223820576005562e+45
1.221677348996798101e-47 1.082636733874054045e+02 4.463874228208185317e+45
1.221677348996798101e-47 1.373823795883263870e+02 4.473744529302505674e+45
1.221677348996798101e-47 1.743328822199987371e+02 4.484720622608032906e+45
1.221677348996798101e-47 2.212216291070450325e+02 4.491987372730969930e+45
1.221677348996798101e-47 2.807216203941175650e+02 4.494684707209483424e+45
1.221677348996798101e-47 3.562247890262444230e+02 4.495099602791232152e+45
1.221677348996798101e-47 4.520353656360240393e+02 4.496265627657083242e+45
1.221677348996798101e-47 5.736152510448681596e+02 4.499459390359518269e+45
1.221677348996798101e-47 7.278953843983146044e+02 4.502764011365159485e+45
1.221677348996798101e-47 9.236708571873865594e+02 4.501889835116166265e+45
1.221677348996798101e-47 1.172102297533480623e+03 4.492582065478988754e+45
1.221677348996798101e-47 1.487352107293511835e+03 4.472496240583577318e+45
1.221677348996798101e-47 1.887391822135097755e+03 4.441713401929775442e+45
1.221677348996798101e-47 2.395026619987485901e+03 4.401768353784389568e+45
1.221677348996798101e-47 3.039195382313198024e+03 4.352988790161323293e+45
1.221677348996798101e-47 3.856620421163472201e+03 4.292167201914257467e+45
1.221677348996798101e-47 4.893900918477494088e+03 4.214171157240011690e+45
1.221677348996798101e-47 6.210169418915616006e+03 4.116433932147263661e+45
1.221677348996798101e-47 7.880462815669912743e+03 4.000639261952220200e+45
1.221677348996798101e-47 1.000000000000000000e+04 3.871299942477828852e+45
1.481046048880683021e-47 1.000000000000000000e+01 3.743966635255078555e+45
1.481046048880683021e-47 1.268961003167922108e+01 3.766543361769639797e+45
1.481046048880683021e-47 1.610262027560939302e+01 3.778737927028552402e+45
1.481046048880683021e-47 2.043359717856941771e+01 3.778974597935100487e+45
1.481046048880683021e-47 2.592943797404667094e+01 3.767769228132749867e+45
1.481046048880683021e-47 3.290344562312667875e+01 3.748426614725732246e+45
1.481046048880683021e-47 4.175318936560400118e+01 3.725364437890331224e+45
1.481046048880683021e-47 5.298316906283707084e+01 3.703237088802596175e+45
1.481046048880683021e-47 6.723357536499334230e+01 3.686962911329766900e+45
1.481046048880683021e-47 8.531678524172805567e+01 3.679931680938764047e+45
1.481046048880683021e-47 1.082636733874054045e+02 3.682117787620764398e+45
1.481046048880683021e-47 1.373823795883263870e+02 3.690258992130711177e+45
1.481046048880683021e-47 1.743328822199987371e+02 3.699312257260969625e+45
1.481046048880683021e-47 2.212216291070450325e+02 3.705305983108652894e+45
1.481046048880683021e-47 2.807216203941175650e+02 3.707530783952053534e+45
1.481046048880683021e-47 3.562247890262444230e+02 3.707872995786933179e+45
1.481046048880683021e-47 4.520353656360240393e+02 3.708834749706189630e+45
1.481046048880683021e-47 5.736152510448681596e+02 3.711469009636366165e+45
1.481046048880683021e-47 7.278953843983146044e+02 3.714194705415539793e+45
1.481046048880683021e-47 9.236708571873865594e+02 3.713473673272983377e+45
1.481046048880683021e-47 1.172102297533480623e+03 3.705796494459100146e+45
1.481046048880683021e-47 1.487352107293511835e+03 3.689229380779990934e+45
1.481046048880683021e-47 1.887391822135097755e+03 3.663839085440054618e+45
1.481046048880683021e-47 2.395026619987485901e+03 3.630891429897186539e+45
1.481046048880683021e-47 3.039195382313198024e+03 3.590656584222494212e+45
1.481046048880683021e-47 3.856620421163472201e+03 3.540488749161058615e+45
1.481046048880683021e-47 4.893900918477494088e+03 3.476154283740149179e+45
1.481046048880683021e-47 6.210169418915616006e+03 3.395535762431121505e+45
1.481046048880683021e-47 7.880462815669912743e+03 3.300021778372697692e+45
1.481046048880683021e-47 1.000000000000000000e+04 3.193334650120813559e+45
1.795480124687841466e-47 1.000000000000000000e+01 3.088281124858221885e+45
1.795480124687841466e-47 1.268961003167922108e+01 3.106902312765333973e+45
1.795480124687841466e-47 1.610262027560939302e+01 3.116960289476993386e+45
1.795480124687841466e-47 2.043359717856941771e+01 3.117155493295935786e+45
1.795480124687841466e-47 2.592943797404667094e+01 3.107913398664332274e+45
1.795480124687841466e-47 3.290344562312667875e+01 3.091959706033384178e+45
1.795480124687841466e-47 4.175318936560400118e+01 3.072938025664884380e+45
1.795480124687841466e-47 5.298316906283707084e+01 3.054687282828701023e+45
1.795480124687841466e-47 6.723357536499334230e+01 3.041264200112366081e+45
1.795480124687841466e-47 8.531678524172805567e+01 3.035464764260150466e+45
1.795480124687841466e-47 1.082636733874054045e+02 3.037267890022947632e+45
1.795480124687841466e-47 1.373823795883263870e+02 3.043982841206259114e+45
1.795480124687841466e-47 1.743328822199987371e+02 3.051450053666084536e+45
1.795480124687841466e-47 2.212216291070450325e+02 3.056393720930795025e+45
1.795480124687841466e-47 2.807216203941175650e+02 3.058228750830510282e+45
1.795480124687841466e-47 3.562247890262444230e+02 3.058511009240523790e+45
1.795480124687841466e-47 4.520353656360240393e+02 3.059304269614120553e+45
1.795480124687841466e-47 5.736152510448681596e+02 3.061477021952238761e+45
1.795480124687841466e-47 7.278953843983146044e+02 3.063725189568879148e+45
1.795480124687841466e-47 9.236708571873865594e+02 3.063130478779103653e+45
1.795480124687841466e-47 1.172102297533480623e+03 3.056798297902507907e+45
1.795480124687841466e-47 1.487352107293511835e+03 3.043133606897429589e+45
1.795480124687841466e-47 1.887391822135097755e+03 3.022191378881425271e+45
1.795480124687841466e-47 2.395026619987485901e+03 2.995015570632267169e+45
1.795480124687841466e-47 3.039195382313198024e+03 2.961828910664236612e+45
1.795480124687841466e-47 3.856620421163472201e+03 2.920448940366303622e+45
1.795480124687841466e-47 4.893900918477494088e+03 2.867383410288794088e+45
1.795480124687841466e-47 6.210169418915616006e+03 2.800885522251318481e+45
1.795480124687841466e-47 7.880462815669912743e+03 2.722100431338164957e+45
1.795480124687841466e-47 1.000000000000000000e+04 2.634098422152363036e+45
2.176670253153472587e-47 1.000000000000000000e+01 2.547424137418647261e+45
2.176670253153472587e-47 1.268961003167922108e+01 2.562782612605711888e+45
2.176670253153472587e-47 1.610262027560939302e+01 2.571078234474820827e+45
2.176670253153472587e-47 2.043359717856941771e+01 2.571239234389189973e+45
2.176670253153472587e-47 2.592943797404667094e+01 2.563616537776235382e+45
2.176670253153472587e-47 3.290344562312667875e+01 2.550458184271160747e+45
2.176670253153472587e-47 4.175318936560400118e+01 2.534769299745340480e+45
2.176670253153472587e-47 5.298316906283707084e+01 2.519716174955249213e+45
2.176670253153472587e-47 6.723357536499334230e+01 2.508644821254833739e+45
2.176670253153472587e-47 8.531678524172805567e+01 2.503861433641154791e+45
2.176670253153472587e-47 1.082636733874054045e+02 2.505348656747607958e+45
2.176670253153472587e-47 1.373823795883263870e+02 2.510887160181215084e+45
2.176670253153472587e-47 1.743328822199987371e+02 2.517046115091531686e+45
2.176670253153472587e-47 2.212216291070450325e+02 2.521123640852263635e+45
2.176670253153472587e-47 2.807216203941175650e+02 2.522637168028898460e+45
2.176670253153472587e-47 3.562247890262444230e+02 2.522869973837447873e+45
2.176670253153472587e-47 4.520353656360240393e+02 2.523524252264447177e+45
2.176670253153472587e-47 5.736152510448681596e+02 2.525316330001548281e+45
2.176670253153472587e-47 7.278953843983146044e+02 2.527170608542115180e+45
2.176670253153472587e-47 9.236708571873865594e+02 2.526680093902902465e+45
2.176670253153472587e-47 1.172102297533480623e+03 2.521457334810926094e+45
2.176670253153472587e-47 1.487352107293511835e+03 2.510186710217757722e+45
2.176670253153472587e-47 1.887391822135097755e+03 2.492913481741072516e+45
2.176670253153472587e-47 2.395026619987485901e+03 2.470498607257453255e+45
2.176670253153472587e-47 3.039195382313198024e+03 2.443125689902035240e+45
2.176670253153472587e-47 3.856620421163472201e+03 2.408994469384241171e+45
2.176670253153472587e-47 4.893900918477494088e+03 2.365224252969803362e+45
2.176670253153472587e-47 6.210169418915616006e+03 2.310373975245331845e+45
2.176670253153472587e-47 7.880462815669912743e+03 2.245388001589703566e+45
2.176670253153472587e-47 1.000000000000000000e+04 2.172798780367866397e+45
2.638789104828950647e-47 1.000000000000000000e+01 2.101286203025778280e+45
2.638789104828950647e-47 1.268961003167922108e+01 2.113953453124504352e+45
2.638789104828950647e-47 1.610262027560939302e+01 2.120795412142892196e+45
2.638789104828950647e-47 2.043359717856941771e+01 2.120928199290998049e+45
2.638789104828950647e-47 2.592943797404667094e+01 2.114641248745933632e+45
2.638789104828950647e-47 3.290344562312667875e+01 2.103788609853353528e+45
2.638789104828950647e-47 4.175318936560400118e+01 2.090848763525631924e+45
2.638789104828950647e-47 5.298316906283707084e+01 2.078433182595216174e+45
2.638789104828950647e-47 6.723357536499334230e+01 2.069301647916295721e+45
2.638789104828950647e-47 8.531678524172805567e+01 2.065356346616425826e+45
2.638789104828950647e-47 1.082636733874054045e+02 2.066582997691655173e+45
2.638789104828950647e-47 1.373823795883263870e+02 2.071151109647619252e+45
2.638789104828950647e-47 1.743328822199987371e+02 2.076230950858497290e+45
2.638789104828950647e-47 2.212216291070450325e+02 2.079594042086388051e+45
2.638789104828950647e-47 2.807216203941175650e+02 2.080842378678028821e+45
2.638789104828950647e-47 3.562247890262444230e+02 2.081034393657451666e+45
2.638789104828950647e-47 4.520353656360240393e+02 2.081574033252814785e+45
2.638789104828950647e-47 5.736152510448681596e+02 2.083052112771690266e+45
2.638789104828950647e-47 7.278953843983146044e+02 2.084581493265653887e+45
2.638789104828950647e-47 9.236708571873865594e+02 2.084176924452955740e+45
2.638789104828950647e-47 1.172102297533480623e+03 2.079869268393092491e+45
2.638789104828950647e-47 1.487352107293511835e+03 2.070573384269779903e+45
2.638789104828950647e-47 1.887391822135097755e+03 2.056326528178704155e+45
2.638789104828950647e-47 2.395026619987485901e+03 2.037838717767399800e+45
2.638789104828950647e-47 3.039195382313198024e+03 2.015261290101933704e+45
2.638789104828950647e-47 3.856620421163472201e+03 1.987109250943682393e+45
2.638789104828950647e-47 4.893900918477494088e+03 1.951006366729546967e+45
2.638789104828950647e-47 6.210169418915616006e+03 1.905763774193633930e+45
2.638789104828950647e-47 7.880462815669912743e+03 1.852160227546106464e+45
2.638789104828950647e-47 1.000000000000000000e+04 1.792284537089977172e+45
3.199018284775086647e-47 1.000000000000000000e+01 1.733279534920397672e+45
3.199018284775086647e-47 1.268961003167922108e+01 1.743726959138977114e+45
3.199018284775086647e-47 1.610262027560939302e+01 1.749369883843638890e+45
3.199018284775086647e-47 2.043359717856941771e+01 1.749479400091056166e+45
3.199018284775086647e-47 2.592943797404667094e+01 1.744294221681714452e+45
3.199018284775086647e-47 3.290344562312667875e+01 1.735343424125770774e+45
3.199018284775086647e-47 4.175318936560400118e+01 1.724671095359569223e+45
3.199018284775086647e-47 5.298316906283707084e+01 1.714431072891106504e+45
3.199018284775086647e-47 6.723357536499334230e+01 1.706899587009682703e+45
3.199018284775086647e-47 8.531678524172805567e+01 1.703645577365255812e+45
3.199018284775086647e-47 1.082636733874054045e+02 1.704657296738551916e+45
3.199018284775086647e-47 1.373823795883263870e+02 1.708424985921631722e+45
3.199018284775086647e-47 1.743328822199987371e+02 1.712614726226181379e+45
3.199018284775086647e-47 2.212216291070450325e+02 1.715388520688463622e+45
3.199018284775086647e-47 2.807216203941175650e+02 1.716418116600099587e+45
3.199018284775086647e-47 3.562247890262444230e+02 1.716576485541921781e+45
3.199018284775086647e-47 4.520353656360240393e+02 1.717021566084702174e+45
3.199018284775086647e-47 5.736152510448681596e+02 1.718240646384535348e+45
3.199018284775086647e-47 7.278953843983146044e+02 1.719502037096102513e+45
3.199018284775086647e-47 9.236708571873865594e+02 1.719168360062589864e+45
3.199018284775086647e-47 1.172102297533480623e+03 1.715615520338755051e+45
3.199018284775086647e-47 1.487352107293511835e+03 1.707948489333258277e+45
3.199018284775086647e-47 1.887391822135097755e+03 1.696197924511815216e+45
3.199018284775086647e-47 2.395026619987485901e+03 1.680949347000812330e+45
3.199018284775086647e-47 3.039195382313198024e+03 1.662327485404646845e+45
3.199018284775086647e-47 3.856620421163472201e+03 1.639107400783310353e+45
3.199018284775086647e-47 4.893900918477494088e+03 1.609328976600078879e+45
3.199018284775086647e-47 6.210169418915616006e+03 1.572011395005465093e+45
3.199018284775086647e-47 7.880462815669912743e+03 1.527796815981484236e+45
3.199018284775086647e-47 1.000000000000000000e+04 1.478408112871608340e+45
3.878187145610751448e-47 1.000000000000000000e+01 1.429721293189464074e+45
3.878187145610751448e-47 1.268961003167922108e+01 1.438337730733889178e+45
3.878187145610751448e-47 1.610262027560939302e+01 1.442991654315979582e+45
3.878187145610751448e-47 2.043359717856941771e+01 1.443081976014407885e+45
3.878187145610751448e-47 2.592943797404667094e+01 1.438805573737176432e+45
3.878187145610751448e-47 3.290344562312667875e+01 1.431423477917534160e+45
3.878187145610751448e-47 4.175318936560400118e+01 1.422621478404230666e+45
3.878187145610751448e-47 5.298316906283707084e+01 1.414175939607160748e+45
3.878187145610751448e-47 6.723357536499334230e+01 1.407964238325536340e+45
3.878187145610751448e-47 8.531678524172805567e+01 1.405280434665099241e+45
3.878187145610751448e-47 1.082636733874054045e+02 1.406114869417748639e+45
3.878187145610751448e-47 1.373823795883263870e+02 1.409222336930759963e+45
3.878187145610751448e-47 1.743328822199987371e+02 1.412677886164711775e+45
3.878187145610751448e-47 2.212216291070450325e+02 1.414965605456869671e+45
3.878187145610751448e-47 2.807216203941175650e+02 1.415814775521571791e+45
3.878187145610751448e-47 3.562247890262444230e+02 1.415945391903554091e+45
3.878187145610751448e-47 4.520353656360240393e+02 1.416312476470249179e+45
3.878187145610751448e-47 5.736152510448681596e+02 1.417317924213411402e+45
3.878187145610751448e-47 7.278953843983146044e+02 1.418358266682575940e+45
3.878187145610751448e-47 9.236708571873865594e+02 1.418083063897271157e+45
3.878187145610751448e-47 1.172102297533480623e+03 1.415152825874962258e+45
3.878187145610751448e-47 1.487352107293511835e+03 1.408829338018629481e+45
3.878187145610751448e-47 1.887391822135097755e+03 1.399137819368171788e+45
3.878187145610751448e-47 2.395026619987485901e+03 1.386561106637007194e+45
3.878187145610751448e-47 3.039195382313198024e+03 1.371201986350132503e+45
3.878187145610751448e-47 3.856620421163472201e+03 1.352050032895290148e+45
3.878187145610751448e-47 4.893900918477494088e+03 1.327488375476260321e+45
3.878187145610751448e-47 6.210169418915616006e+03 1.296707817254621573e+45
3.878187145610751448e-47 7.880462815669912743e+03 1.260237858438744731e+45
3.878187145610751448e-47 1.000000000000000000e+04 1.219499528533402961e+45
4.701547224022167824e-47 1.000000000000000000e+01 1.179324854639249786e+45
4.701547224022167824e-47 1.268961003167922108e+01 1.186431043438760897e+45
4.701547224022167824e-47 1.610262027560939302e+01 1.190269213732844578e+45
4.701547224022167824e-47 2.043359717856941771e+01 1.190343703297711260e+45
4.701547224022167824e-47 2.592943797404667094e+01 1.186816882606775694e+45
4.701547224022167824e-47 3.290344562312667875e+01 1.180728695014004426e+45
4.701547224022167824e-47 4.175318936560400118e+01 1.173469399680270991e+45
4.701547224022167824e-47 5.298316906283707084e+01 1.166504010546157174e+45
4.701547224022167824e-47 6.723357536499334230e+01 1.161380914452546273e+45
4.701547224022167824e-47 8.531678524172805567e+01 1.159167437701869871e+45
4.701547224022167824e-47 1.082636733874054045e+02 1.159855641516581539e+45
4.701547224022167824e-47 1.373823795883263870e+02 1.162418534032226228e+45
4.701547224022167824e-47 1.743328822199987371e+02 1.165268496366914052e+45
4.701547224022167824e-47 2.212216291070450325e+02 1.167155284075596354e+45
4.701547224022167824e-47 2.807216203941175650e+02 1.167855632744018565e+45
4.701547224022167824e-47 3.562247890262444230e+02 1.167963357871807654e+45
4.701547224022167824e-47 4.520353656360240393e+02 1.168266108713904574e+45
4.701547224022167824e-47 5.736152510448681596e+02 1.169095345130705586e+45
4.701547224022167824e-47 7.278953843983146044e+02 1.169953359639511950e+45
4.701547224022167824e-47 9.236708571873865594e+02 1.169726388356255954e+45
4.701547224022167824e-47 1.172102297533480623e+03 1.167309693221185365e+45
4.701547224022167824e-47 1.487352107293511835e+03 1.162094407060785218e+45
4.701547224022167824e-47 1.887391822135097755e+03 1.154101267225849049e+45
4.701547224022167824e-47 2.395026619987485901e+03 1.143728417675256251e+45
4.701547224022167824e-47 3.039195382313198024e+03 1.131060551627590976e+45
4.701547224022167824e-47 3.856620421163472201e+03 1.115264190362064619e+45
4.701547224022167824e-47 4.893900918477494088e+03 1.095005599062411498e+45
4.701547224022167824e-47 6.210169418915616006e+03 1.069617155734877914e+45
4.701547224022167824e-47 7.880462815669912743e+03 1.039535442909828026e+45
4.701547224022167824e-47 1.000000000000000000e+04 1.005932514529019110e+45
5.699711094326028511e-47 1.000000000000000000e+01 9.727801742267316726e+44
5.699711094326028511e-47 1.268961003167922108e+01 9.786406775467737332e+44
5.699711094326028511e-47 1.610262027560939302e+01 9.818059992795203656e+44
5.699711094326028511e-47 2.043359717856941771e+01 9.818674302223003516e+44
5.699711094326028511e-47 2.592943797404667094e+01 9.789588783530792807e+44
5.699711094326028511e-47 3.290344562312667875e+01 9.739379333841581603e+44
5.699711094326028511e-47 4.175318936560400118e+01 9.679510977643504913e+44
5.699711094326028511e-47 5.298316906283707084e+01 9.622065767578891012e+44
5.699711094326028511e-47 6.723357536499334230e+01 9.579813950234096432e+44
5.699711094326028511e-47 8.531678524172805567e+01 9.561558588039552960e+44
5.699711094326028511e-47 1.082636733874054045e+02 9.567234466634256628e+44
5.699711094326028511e-47 1.373823795883263870e+02 9.588371566309890765e+44
5.699711094326028511e-47 1.743328822199987371e+02 9.611876126054560156e+44
5.699711094326028511e-47 2.212216291070450325e+02 9.627437003062742432e+44
5.699711094326028511e-47 2.807216203941175650e+02 9.633212968347887908e+44
5.699711094326028511e-47 3.562247890262444230e+02 9.634101406060983406e+44
5.699711094326028511e-47 4.520353656360240393e+02 9.636598271711950940e+44
5.699711094326028511e-47 5.736152510448681596e+02 9.643437195425415695e+44
5.699711094326028511e-47 7.278953843983146044e+02 9.650513449032989028e+44
5.699711094326028511e-47 9.236708571873865594e+02 9.648641562908194263e+44
5.699711094326028511e-47 1.172102297533480623e+03 9.628710457728286165e+44
5.699711094326028511e-47 1.487352107293511835e+03 9.585698373988393424e+44
5.699711094326028511e-47 1.887391822135097755e+03 9.519775757495352964e+44
5.699711094326028511e-47 2.395026619987485901e+03 9.434225523330060050e+44
5.699711094326028511e-47 3.039195382313198024e+03 9.329745414342671566e+44
5.699711094326028511e-47 3.856620421163472201e+03 9.199460236054890354e+44
5.699711094326028511e-47 4.893900918477494088e+03 9.032368169137953102e+44
5.699711094326028511e-47 6.210169418915616006e+03 8.822960893283382745e+44
5.699711094326028511e-47 7.880462815669912743e+03 8.574837896783081607e+44
5.699711094326028511e-47 1.000000000000000000e+04 8.297666055599120918e+44
6.909790545715702158e-47 1.000000000000000000e+01 8.024076358578394625e+44
6.909790545715702158e-47 1.268961003167922108e+01 8.072406802387279287e+44
6.909790545715702158e-47 1.610262027560939302e+01 8.098510290642326380e+44
6.909790545715702158e-47 2.043359717856941771e+01 8.099016891281832384e+44
6.909790545715702158e-47 2.592943797404667094e+01 8.075030921176766692e+44
6.909790545715702158e-47 3.290344562312667875e+01 8.033624233735095801e+44
6.909790545715702158e-47 4.175318936560400118e+01 7.984251344902182021e+44
6.909790545715702158e-47 5.298316906283707084e+01 7.936876111781764849e+44
6.909790545715702158e-47 6.723357536499334230e+01 7.902030507801919428e+44
6.909790545715702158e-47 8.531678524172805567e+01 7.886974979114602809e+44
6.909790545715702158e-47 1.082636733874054045e+02 7.891655985783896989e+44
6.909790545715702158e-47 1.373823795883263870e+02 7.909088113485362362e+44
6.909790545715702158e-47 1.743328822199987371e+02 7.928472624393873913e+44
6.909790545715702158e-47 2.212216291070450325e+02 7.941305812433982154e+44
6.909790545715702158e-47 2.807216203941175650e+02 7.946069290751057539e+44
6.909790545715702158e-47 3.562247890262444230e+02 7.946801990872233293e+44
6.909790545715702158e-47 4.520353656360240393e+02 7.948861170719103632e+44
6.909790545715702158e-47 5.736152510448681596e+02 7.954501265257103613e+44
6.909790545715702158e-47 7.278953843983146044e+02 7.960337077235004162e+44
6.909790545715702158e-47 9.236708571873865594e+02 7.958793326961052111e+44
6.909790545715702158e-47 1.172102297533480623e+03 7.942356039815201075e+44
6.909790545715702158e-47 1.487352107293511835e+03 7.906883485866683501e+44
6.909790545715702158e-47 1.887391822135097755e+03 7.852515688297756790e+44
6.909790545715702158e-47 2.395026619987485901e+03 7.781959446337426676e+44
6.909790545715702158e-47 3.039195382313198024e+03 7.695789494514487215e+44
6.909790545715702158e-47 3.856620421163472201e+03 7.588334621904101351e+44
6.909790545715702158e-47 4.893900918477494088e+03 7.450519538877032416e+44
6.909790545715702158e-47 6.210169418915616006e+03 7.277799375292025241e+44
6.909790545715702158e-47 7.880462815669912743e+03 7.073141597531869805e+44
6.909790545715702158e-47 1.000000000000000000e+04 6.844519134954686459e+44
8.376776400682855603e-47 1.000000000000000000e+01 6.618725227010658600e+44
8.376776400682855603e-47 1.268961003167922108e+01 6.658581130037863694e+44
8.376776400682855603e-47 1.610262027560939302e+01 6.680107189049263475e+44
8.376776400682855603e-47 2.043359717856941771e+01 6.680524951388645150e+44
8.376776400682855603e-47 2.592943797404667094e+01 6.660745099901516954e+44
8.376776400682855603e-47 3.290344562312667875e+01 6.626598976703896419e+44
8.376776400682855603e-47 4.175318936560400118e+01 6.585882847903769095e+44
8.376776400682855603e-47 5.298316906283707084e+01 6.546813469369723754e+44
8.376776400682855603e-47 6.723357536499334230e+01 6.518076636694057763e+44
8.376776400682855603e-47 8.531678524172805567e+01 6.505660391725364279e+44
8.376776400682855603e-47 1.082636733874054045e+02 6.509520808645237723e+44
8.376776400682855603e-47 1.373823795883263870e+02 6.523897006168339328e+44
8.376776400682855603e-47 1.743328822199987371e+02 6.539883230069314913e+44
8.376776400682855603e-47 2.212216291070450325e+02 6.550466577544434377e+44
8.376776400682855603e-47 2.807216203941175650e+02 6.554394941353313694e+44
8.376776400682855603e-47 3.562247890262444230e+02 6.554999186797565466e+44
8.376776400682855603e-47 4.520353656360240393e+02 6.556697356949717871e+44
8.376776400682855603e-47 5.736152510448681596e+02 6.561348639923258386e+44
8.376776400682855603e-47 7.278953843983146044e+02 6.566161318390395082e+44
8.376776400682855603e-47 9.236708571873865594e+02 6.564888219068594485e+44
8.376776400682855603e-47 1.172102297533480623e+03 6.551332683663204714e+44
8.376776400682855603e-47 1.487352107293511835e+03 6.522078859490857202e+44
8.376776400682855603e-47 1.887391822135097755e+03 6.477241710620103699e+44
8.376776400682855603e-47 2.395026619987485901e+03 6.419052887306184583e+44
8.376776400682855603e-47 3.039195382313198024e+03 6.347985708450202280e+44
8.376776400682855603e-47 3.856620421163472201e+03 6.259362100996307240e+44
8.376776400682855603e-47 4.893900918477494088e+03 6.145695931304250205e+44
8.376776400682855603e-47 6.210169418915616006e+03 6.003237129291681781e+44
8.376776400682855603e-47 7.880462815669912743e+03 5.834431925716429586e+44
8.376776400682855603e-47 1.000000000000000000e+04 5.645856020396506616e+44
1.015521127634560831e-46 1.000000000000000000e+01 5.459494910014476409e+44
1.015521127634560831e-46 1.268961003167922108e+01 5.492361042838922116e+44
1.015521127634560831e-46 1.610262027560939302e+01 5.510111673180937261e+44
1.015521127634560831e-46 2.043359717856941771e+01 5.510456162514562386e+44
1.015521127634560831e-46 2.592943797404667094e+01 5.494145484844014880e+44
1.015521127634560831e-46 3.290344562312667875e+01 5.465987843762202486e+44
1.015521127634560831e-46 4.175318936560400118e+01 5.432411814417310498e+44
1.015521127634560831e-46 5.298316906283707084e+01 5.400193148758294642e+44
1.015521127634560831e-46 6.723357536499334230e+01 5.376494886775501041e+44
1.015521127634560831e-46 8.531678524172805567e+01 5.366255553249397524e+44
1.015521127634560831e-46 1.082636733874054045e+02 5.369439137962980701e+44
1.015521127634560831e-46 1.373823795883263870e+02 5.381294770569944079e+44
1.015521127634560831e-46 1.743328822199987371e+02 5.394478055803949577e+44
1.015521127634560831e-46 2.212216291070450325e+02 5.403205717763964833e+44
1.015521127634560831e-46 2.807216203941175650e+02 5.406445273367468558e+44
1.015521127634560831e-46 3.562247890262444230e+02 5.406943568542054654e+44
1.015521127634560831e-46 4.520353656360240393e+02 5.408343975550961051e+44
1.015521127634560831e-46 5.736152510448681596e+02 5.412179680681898094e+44
1.015521127634560831e-46 7.278953843983146044e+02 5.416148472921958431e+44
1.015521127634560831e-46 9.236708571873865594e+02 5.415098607957367694e+44
1.015521127634560831e-46 1.172102297533480623e+03 5.403919959363221668e+44
1.015521127634560831e-46 1.487352107293511835e+03 5.379795397645513731e+44
1.015521127634560831e-46 1.887391822135097755e+03 5.342819249767532841e+44
1.015521127634560831e-46 2.395026619987485901e+03 5.294831297417135155e+44
1.015521127634560831e-46 3.039195382313198024e+03 5.236221251980779536e+44
1.015521127634560831e-46 3.856620421163472201e+03 5.163130256867104645e+44
1.015521127634560831e-46 4.893900918477494088e+03 5.069383042753776411e+44
1.015521127634560831e-46 6.210169418915616006e+03 4.951885219795252475e+44
1.015521127634560831e-46 7.880462815669912743e+03 4.812653161508145515e+44
1.015521127634560831e-46 1.000000000000000000e+04 4.657110088569240469e+44
1.231121748203882061e-46 1.000000000000000000e+01 4.503282905141531339e+44
1.231121748203882061e-46 1.268961003167922108e+01 4.530383976219731707e+44
1.231121748203882061e-46 1.610262027560939302e+01 4.545020704479034417e+44
1.231121748203882061e-46 2.043359717856941771e+01 4.545304759761626150e+44
1.231121748203882061e-46 2.592943797404667094e+01 4.531855390326277113e+44
1.231121748203882061e-46 3.290344562312667875e+01 4.508636958609427483e+44
1.231121748203882061e-46 4.175318936560400118e+01 4.480950013701351948e+44
1.231121748203882061e-46 5.298316906283707084e+01 4.454381787137406105e+44
1.231121748203882061e-46 6.723357536499334230e+01 4.434839339300549792e+44
1.231121748203882061e-46 8.531678524172805567e+01 4.426395528395125415e+44
1.231121748203882061e-46 1.082636733874054045e+02 4.429020859662148365e+44
1.231121748203882061e-46 1.373823795883263870e+02 4.438797524524633522e+44
1.231121748203882061e-46 1.743328822199987371e+02 4.449668945065338398e+44
1.231121748203882061e-46 2.212216291070450325e+02 4.456866040656232660e+44
1.231121748203882061e-46 2.807216203941175650e+02 4.459537468904920821e+44
1.231121748203882061e-46 3.562247890262444230e+02 4.459948376582804395e+44
1.231121748203882061e-46 4.520353656360240393e+02 4.461103189399316258e+44
1.231121748203882061e-46 5.736152510448681596e+02 4.464266208590742579e+44
1.231121748203882061e-46 7.278953843983146044e+02 4.467538966760651420e+44
1.231121748203882061e-46 9.236708571873865594e+02 4.466673224569283366e+44
1.231121748203882061e-46 1.172102297533480623e+03 4.457455024733760500e+44
1.231121748203882061e-46 1.487352107293511835e+03 4.437561076934807176e+44
1.231121748203882061e-46 1.887391822135097755e+03 4.407068716557719908e+44
1.231121748203882061e-46 2.395026619987485901e+03 4.367494548292484966e+44
1.231121748203882061e-46 3.039195382313198024e+03 4.319159362517552022e+44
1.231121748203882061e-46 3.856620421163472201e+03 4.258880055611799022e+44
1.231121748203882061e-46 4.893900918477494088e+03 4.181562666217768975e+44
1.231121748203882061e-46 6.210169418915616006e+03 4.084653723977034875e+44
1.231121748203882061e-46 7.880462815669912743e+03 3.969815114861363290e+44
1.231121748203882061e-46 1.000000000000000000e+04 3.841519465069661232e+44
1.492495545051819904e-46 1.000000000000000000e+01 3.714535082279121210e+44
1.492495545051819904e-46 1.268961003167922108e+01 3.736881283978472885e+44
1.492495545051819904e-46 1.610262027560939302e+01 3.748949764766015333e+44
1.492495545051819904e-46 2.043359717856941771e+01 3.749183976091981901e+44
1.492495545051819904e-46 2.592943797404667094e+01 3.738094522147508826e+44
1.492495545051819904e-46 3.290344562312667875e+01 3.718949814637995417e+44
1.492495545051819904e-46 4.175318936560400118e+01 3.696120060954511787e+44
1.492495545051819904e-46 5.298316906283707084e+01 3.674212231576477315e+44
1.492495545051819904e-46 6.723357536499334230e+01 3.658097457651537474e+44
1.492495545051819904e-46 8.531678524172805567e+01 3.651134581099312945e+44
1.492495545051819904e-46 1.082636733874054045e+02 3.653299468537826626e+44
1.492495545051819904e-46 1.373823795883263870e+02 3.661361416657597771e+44
1.492495545051819904e-46 1.743328822199987371e+02 3.670326034054396594e+44
1.492495545051819904e-46 2.212216291070450325e+02 3.676260737037978485e+44
1.492495545051819904e-46 2.807216203941175650e+02 3.678463581214845788e+44
1.492495545051819904e-46 3.562247890262444230e+02 3.678802412848655952e+44
1.492495545051819904e-46 4.520353656360240393e+02 3.679754662886809277e+44
1.492495545051819904e-46 5.736152510448681596e+02 3.682362860106327884e+44
1.492495545051819904e-46 7.278953843983146044e+02 3.685061539591739428e+44
1.492495545051819904e-46 9.236708571873865594e+02 3.684347659110007387e+44
1.492495545051819904e-46 1.172102297533480623e+03 3.676746410307953799e+44
1.492495545051819904e-46 1.487352107293511835e+03 3.660341827887616473e+44
1.492495545051819904e-46 1.887391822135097755e+03 3.635197260812299496e+44
1.492495545051819904e-46 2.395026619987485901e+03 3.602562794652584973e+44
1.492495545051819904e-46 3.039195382313198024e+03 3.562702410534462451e+44
1.492495545051819904e-46 3.856620421163472201e+03 3.512990418281183101e+44
1.492495545051819904e-46 4.893900918477494088e+03 3.449224808712737717e+44
1.492495545051819904e-46 6.210169418915616006e+03 3.369298363659314452e+44
1.492495545051819904e-46 7.880462815669912743e+03 3.274580646458782181e+44
1.492495545051819904e-46 1.000000000000000000e+04 3.168760214867587330e+44
1.809360410738705492e-46 1.000000000000000000e+01 3.063923770372667664e+44
1.809360410738705492e-46 1.268961003167922108e+01 3.082348348581152040e+44
1.809360410738705492e-46 1.610262027560939302e+01 3.092298658016706844e+44
1.809360410738705492e-46 2.043359717856941771e+01 3.092491760480262915e+44
1.809360410738705492e-46 2.592943797404667094e+01 3.083348654769784142e+44
1.809360410738705492e-46 3.290344562312667875e+01 3.067563785959391902e+44
1.809360410738705492e-46 4.175318936560400118e+01 3.048740075984159814e+44
1.809360410738705492e-46 5.298316906283707084e+01 3.030676014737056382e+44
1.809360410738705492e-46 6.723357536499334230e+01 3.017388312118064003e+44
1.809360410738705492e-46 8.531678524172805567e+01 3.011646883131298648e+44
1.809360410738705492e-46 1.082636733874054045e+02 3.013432004607347432e+44
1.809360410738705492e-46 1.373823795883263870e+02 3.020079686795569158e+44
1.809360410738705492e-46 1.743328822199987371e+02 3.027471613934517750e+44
1.809360410738705492e-46 2.212216291070450325e+02 3.032365125815447476e+44
1.809360410738705492e-46 2.807216203941175650e+02 3.034181493564778549e+44
1.809360410738705492e-46 3.562247890262444230e+02 3.034460878707129155e+44
1.809360410738705492e-46 4.520353656360240393e+02 3.035246060147612193e+44
1.809360410738705492e-46 5.736152510448681596e+02 3.037396654698746187e+44
1.809360410738705492e-46 7.278953843983146044e+02 3.039621849550937151e+44
1.809360410738705492e-46 9.236708571873865594e+02 3.039033220468256972e+44
1.809360410738705492e-46 1.172102297533480623e+03 3.032765590887426316e+44
1.809360410738705492e-46 1.487352107293511835e+03 3.019238959086130079e+44
1.809360410738705492e-46 1.887391822135097755e+03 2.998505164657459429e+44
1.809360410738705492e-46 2.395026619987485901e+03 2.971594505897385954e+44
1.809360410738705492e-46 3.039195382313198024e+03 2.938724142760988100e+44
1.809360410738705492e-46 3.856620421163472201e+03 2.897728183121940537e+44
1.809360410738705492e-46 4.893900918477494088e+03 2.845140374654007938e+44
1.809360410738705492e-46 6.210169418915616006e+03 2.779221658909603434e+44
1.809360410738705492e-46 7.880462815669912743e+03 2.701100549560916276e+44
1.809360410738705492e-46 1.000000000000000000e+04 2.613818895739405389e+44
2.193497398905046789e-46 1.000000000000000000e+01 2.527257344788885078e+44
2.193497398905046789e-46 1.268961003167922108e+01 2.542447588984861191e+44
2.193497398905046789e-46 1.610262027560939302e+01 2.550650964194232411e+44
2.193497398905046789e-46 2.043359717856941771e+01 2.550810162771981206e+44
2.193497398905046789e-46 2.592943797404667094e+01 2.543272281878073044e+44
2.193497398905046789e-46 3.290344562312667875e+01 2.530258415018201412e+44
2.193497398905046789e-46 4.175318936560400118e+01 2.514738691593804248e+44
2.193497398905046789e-46 5.298316906283707084e+01 2.499844811332464606e+44
2.193497398905046789e-46 6.723357536499334230e+01 2.488888778610967874e+44
2.193497398905046789e-46 8.531678524172805567e+01 2.484154761649065650e+44
2.193497398905046789e-46 1.082636733874054045e+02 2.485626663655796013e+44
2.193497398905046789e-46 1.373823795883263870e+02 2.491107904224446016e+44
2.193497398905046789e-46 1.743328822199987371e+02 2.497202730992323946e+44
2.193497398905046789e-46 2.212216291070450325e+02 2.501237507564135841e+44
2.193497398905046789e-46 2.807216203941175650e+02 2.502735124506209753e+44
2.193497398905046789e-46 3.562247890262444230e+02 2.502965480508047889e+44
2.193497398905046789e-46 4.520353656360240393e+02 2.503612870342230357e+44
2.193497398905046789e-46 5.736152510448681596e+02 2.505386052498785550e+44
2.193497398905046789e-46 7.278953843983146044e+02 2.507220736586246936e+44
2.193497398905046789e-46 9.236708571873865594e+02 2.506735409690999336e+44
2.193497398905046789e-46 1.172102297533480623e+03 2.501567696185386059e+44
2.193497398905046789e-46 1.487352107293511835e+03 2.490414695444283776e+44
2.193497398905046789e-46 1.887391822135097755e+03 2.473318779236566396e+44
2.193497398905046789e-46 2.395026619987485901e+03 2.451129002931695137e+44
2.193497398905046789e-46 3.039195382313198024e+03 2.424023941792525077e+44
2.193497398905046789e-46 3.856620421163472201e+03 2.390216981168416604e+44
2.193497398905046789e-46 4.893900918477494088e+03 2.346848783522839050e+44
2.193497398905046789e-46 6.210169418915616006e+03 2.292484030059489579e+44
2.193497398905046789e-46 7.880462815669912743e+03 2.228052473595101471e+44
2.193497398905046789e-46 1.000000000000000000e+04 2.156062556183997082e+44
2.659188744512679917e-46 1.000000000000000000e+01 2.084580773683304523e+44
2.659188744512679917e-46 1.268961003167922108e+01 2.097103579718523114e+44
2.659188744512679917e-46 1.610262027560939302e+01 2.103866226740919525e+44
2.659188744512679917e-46 2.043359717856941771e+01 2.103997464277954881e+44
2.659188744512679917e-46 2.592943797404667094e+01 2.097783440764390168e+44
2.659188744512679917e-46 3.290344562312667875e+01 2.087054886830306819e+44
2.659188744512679917e-46 4.175318936560400118e+01 2.074260071609075730e+44
2.659188744512679917e-46 5.298316906283707084e+01 2.061980774997396127e+44
2.659188744512679917e-46 6.723357536499334230e+01 2.052947787291040938e+44
2.659188744512679917e-46 8.531678524172805567e+01 2.049044637863093171e+44
2.659188744512679917e-46 1.082636733874054045e+02 2.050258210446497353e+44
2.659188744512679917e-46 1.373823795883263870e+02 2.054777424062228523e+44
2.659188744512679917e-46 1.743328822199987371e+02 2.059802466915469671e+44
2.659188744512679917e-46 2.212216291070450325e+02 2.063129004097905269e+44
2.659188744512679917e-46 2.807216203941175650e+02 2.064363732666280368e+44
2.659188744512679917e-46 3.562247890262444230e+02 2.064553652117247964e+44
2.659188744512679917e-46 4.520353656360240393e+02 2.065087399013325652e+44
2.659188744512679917e-46 5.736152510448681596e+02 2.066549312450023373e+44
2.659188744512679917e-46 7.278953843983146044e+02 2.068061925424204886e+44
2.659188744512679917e-46 9.236708571873865594e+02 2.067661796267531817e+44
2.659188744512679917e-46 1.172102297533480623e+03 2.063401232491456185e+44
2.659188744512679917e-46 1.487352107293511835e+03 2.054205882060673611e+44
2.659188744512679917e-46 1.887391822135097755e+03 2.040110331335221220e+44
2.659188744512679917e-46 2.395026619987485901e+03 2.021814183669962716e+44
2.659188744512679917e-46 3.039195382313198024e+03 1.999464221413994226e+44
2.659188744512679917e-46 3.856620421163472201e+03 1.971586687907194097e+44
2.659188744512679917e-46 4.893900918477494088e+03 1.935822881380717685e+44
2.659188744512679917e-46 6.210169418915616006e+03 1.890988080853963568e+44
2.659188744512679917e-46 7.880462815669912743e+03 1.837848156602762940e+44
2.659188744512679917e-46 1.000000000000000000e+04 1.778471600286474814e+44
3.223748878149013684e-46 1.000000000000000000e+01 1.719433681602510317e+44
3.223748878149013684e-46 1.268961003167922108e+01 1.729756637663258566e+44
3.223748878149013684e-46 1.610262027560939302e+01 1.735331121169687455e+44
3.223748878149013684e-46 2.043359717856941771e+01 1.735439299433268264e+44
3.223748878149013684e-46 2.592943797404667094e+01 1.730317056020402137e+44
3.223748878149013684e-46 3.290344562312667875e+01 1.721473208215514169e+44
3.223748878149013684e-46 4.175318936560400118e+01 1.710925663030948180e+44
3.223748878149013684e-46 5.298316906283707084e+01 1.700802677812592954e+44
3.223748878149013684e-46 6.723357536499334230e+01 1.693355688799981390e+44
3.223748878149013684e-46 8.531678524172805567e+01 1.690137787333012429e+44
3.223748878149013684e-46 1.082636733874054045e+02 1.691138305585062079e+44
3.223748878149013684e-46 1.373823795883263870e+02 1.694864099979770468e+44
3.223748878149013684e-46 1.743328822199987371e+02 1.699006856510309859e+44
3.223748878149013684e-46 2.212216291070450325e+02 1.701749287784641243e+44
3.223748878149013684e-46 2.807216203941175650e+02 1.702767204940152641e+44
3.223748878149013684e-46 3.562247890262444230e+02 1.702923775256752755e+44
3.223748878149013684e-46 4.520353656360240393e+02 1.703363797732576733e+44
3.223748878149013684e-46 5.736152510448681596e+02 1.704568999643322105e+44
3.223748878149013684e-46 7.278953843983146044e+02 1.705815992459920734e+44
3.223748878149013684e-46 9.236708571873865594e+02 1.705486127984117365e+44
3.223748878149013684e-46 1.172102297533480623e+03 1.701973714731144679e+44
3.223748878149013684e-46 1.487352107293511835e+03 1.694392901078728049e+44
3.223748878149013684e-46 1.887391822135097755e+03 1.682771874255553828e+44
3.223748878149013684e-46 2.395026619987485901e+03 1.667687005984946004e+44
3.223748878149013684e-46 3.039195382313198024e+03 1.649258885926240940e+44
3.223748878149013684e-46 3.856620421163472201e+03 1.626271827563022512e+44
3.223748878149013684e-46 4.893900918477494088e+03 1.596780097582627222e+44
3.223748878149013684e-46 6.210169418915616006e+03 1.559805734324298218e+44
3.223748878149013684e-46 7.880462815669912743e+03 1.515979491396503320e+44
3.223748878149013684e-46 1.000000000000000000e+04 1.467006997398891187e+44
3.908168177536248371e-46 1.000000000000000000e+01 1.418238345055693692e+44
3.908168177536248371e-46 1.268961003167922108e+01 1.426747124814375361e+44
3.908168177536248371e-46 1.610262027560939302e+01 1.431341763127993249e+44
3.908168177536248371e-46 2.043359717856941771e+01 1.431430925147500526e+44
3.908168177536248371e-46 2.592943797404667094e+01 1.427209041783282539e+44
3.908168177536248371e-46 3.290344562312667875e+01 1.419919473875610241e+44
3.908168177536248371e-46 4.175318936560400118e+01 1.411225234192740941e+44
3.908168177536248371e-46 5.298316906283707084e+01 1.402880567486706856e+44
3.908168177536248371e-46 6.723357536499334230e+01 1.396741573064905765e+44
3.908168177536248371e-46 8.531678524172805567e+01 1.394088808698933523e+44
3.908168177536248371e-46 1.082636733874054045e+02 1.394913616724297309e+44
3.908168177536248371e-46 1.373823795883263870e+02 1.397985063942584264e+44
3.908168177536248371e-46 1.743328822199987371e+02 1.401400186793235014e+44
3.908168177536248371e-46 2.212216291070450325e+02 1.403660900357140981e+44
3.908168177536248371e-46 2.807216203941175650e+02 1.404500011430922244e+44
3.908168177536248371e-46 3.562247890262444230e+02 1.404629078474959312e+44
3.908168177536248371e-46 4.520353656360240393e+02 1.404991805773587716e+44
3.908168177536248371e-46 5.736152510448681596e+02 1.405985296148000730e+44
3.908168177536248371e-46 7.278953843983146044e+02 1.407013230789753459e+44
3.908168177536248371e-46 9.236708571873865594e+02 1.406741313884740278e+44
3.908168177536248371e-46 1.172102297533480623e+03 1.403845905052554917e+44
3.908168177536248371e-46 1.487352107293511835e+03 1.397596619816889397e+44
3.908168177536248371e-46 1.887391822135097755e+03 1.388016388370705889e+44
3.908168177536248371e-46 2.395026619987485901e+03 1.375579976395857128e+44
3.908168177536248371e-46 3.039195382313198024e+03 1.360386398336800004e+44
3.908168177536248371e-46 3.856620421163472201e+03 1.341432844624058961e+44
3.908168177536248371e-46 4.893900918477494088e+03 1.317114235445872923e+44
3.908168177536248371e-46 6.210169418915616006e+03 1.286623204249858561e+44
3.908168177536248371e-46 7.880462815669912743e+03 1.250479112124791716e+44
3.908168177536248371e-46 1.000000000000000000e+04 1.210088309454693384e+44
4.737893390963124422e-46 1.000000000000000000e+01 1.169794865666983213e+44
4.737893390963124422e-46 1.268961003167922108e+01 1.176807575336955801e+44
4.737893390963124422e-46 1.610262027560939302e+01 1.180594190081750965e+44
4.737893390963124422e-46 2.043359717856941771e+01 1.180667670555175860e+44
4.737893390963124422e-46 2.592943797404667094e+01 1.177188263391022610e+44
4.737893390963124422e-46 3.290344562312667875e+01 1.171180437808258736e+44
4.737893390963124422e-46 4.175318936560400118e+01 1.164014557658718535e+44
4.737893390963124422e-46 5.298316906283707084e+01 1.157136435489640201e+44
4.737893390963124422e-46 6.723357536499334230e+01 1.152076132932775327e+44
4.737893390963124422e-46 8.531678524172805567e+01 1.149889435859525138e+44
4.737893390963124422e-46 1.082636733874054045e+02 1.150569335827959747e+44
4.737893390963124422e-46 1.373823795883263870e+02 1.153101145186195051e+44
4.737893390963124422e-46 1.743328822199987371e+02 1.155916194618690771e+44
4.737893390963124422e-46 2.212216291070450325e+02 1.157779641933650679e+44
4.737893390963124422e-46 2.807216203941175650e+02 1.158471294323028237e+44
4.737893390963124422e-46 3.562247890262444230e+02 1.158577679852301995e+44
4.737893390963124422e-46 4.520353656360240393e+02 1.158876663067337440e+44
4.737893390963124422e-46 5.736152510448681596e+02 1.159695558577765640e+44
4.737893390963124422e-46 7.278953843983146044e+02 1.160542840050301612e+44
4.737893390963124422e-46 9.236708571873865594e+02 1.160318711385445493e+44
4.737893390963124422e-46 1.172102297533480623e+03 1.157932135672397012e+44
4.737893390963124422e-46 1.487352107293511835e+03 1.152780948644147286e+44
4.737893390963124422e-46 1.887391822135097755e+03 1.144883764222034314e+44
4.737893390963124422e-46 2.395026619987485901e+03 1.134631577692422130e+44
4.737893390963124422e-46 3.039195382313198024e+03 1.122105635240466602e+44
4.737893390963124422e-46 3.856620421163472201e+03 1.106478725436151766e+44
4.737893390963124422e-46 4.893900918477494088e+03 1.086426770808723262e+44
4.737893390963124422e-46 6.210169418915616006e+03 1.061283166209234731e+44
4.737893390963124422e-46 7.880462815669912743e+03 1.031475445817089896e+44
4.737893390963124422e-46 1.000000000000000000e+04 9.981631289401463887e+43
5.743773748826563163e-46 1.000000000000000000e+01 9.648647513928305815e+43
5.743773748826563163e-46 1.268961003167922108e+01 9.706437641421878193e+43
5.743773748826563163e-46 1.610262027560939302e+01 9.737640726705175458e+43
5.743773748826563163e-46 2.043359717856941771e+01 9.738246220295363092e+43
5.743773748826563163e-46 2.592943797404667094e+01 9.709574695244096127e+43
5.743773748826563163e-46 3.290344562312667875e+01 9.660065981665373333e+43
5.743773748826563163e-46 4.175318936560400118e+01 9.601010616615833240e+43
5.743773748826563163e-46 5.298316906283707084e+01 9.544323309285882201e+43
5.743773748826563163e-46 6.723357536499334230e+01 9.502615890548824819e+43
5.743773748826563163e-46 8.531678524172805567e+01 9.484592452846205471e+43
5.743773748826563163e-46 1.082636733874054045e+02 9.490196432165911100e+43
5.743773748826563163e-46 1.373823795883263870e+02 9.511064283142369628e+43
5.743773748826563163e-46 1.743328822199987371e+02 9.534266173202316551e+43
5.743773748826563163e-46 2.212216291070450325e+02 9.549624546614191589e+43
5.743773748826563163e-46 2.807216203941175650e+02 9.555325039425852251e+43
5.743773748826563163e-46 3.562247890262444230e+02 9.556201849790742753e+43
5.743773748826563163e-46 4.520353656360240393e+02 9.558666011521935502e+43
5.743773748826563163e-46 5.736152510448681596e+02 9.565415158897743609e+43
5.743773748826563163e-46 7.278953843983146044e+02 9.572398208894728393e+43
5.743773748826563163e-46 9.236708571873865594e+02 9.570551009854974756e+43
5.743773748826563163e-46 1.172102297533480623e+03 9.550881379339264617e+43
5.743773748826563163e-46 1.487352107293511835e+03 9.508425136523381909e+43
5.743773748826563163e-46 1.887391822135097755e+03 9.443333005642926903e+43
5.743773748826563163e-46 2.395026619987485901e+03 9.358824331501435558e+43
5.743773748826563163e-46 3.039195382313198024e+03 9.255565278321838066e+43
5.743773748826563163e-46 3.856620421163472201e+03 9.126732208971404549e+43
5.743773748826563163e-46 4.893900918477494088e+03 8.961402321234816081e+43
5.743773748826563163e-46 6.210169418915616006e+03 8.754071061076559395e+43
5.743773748826563163e-46 7.880462815669912743e+03 8.508256856965694190e+43
5.743773748826563163e-46 1.000000000000000000e+04 8.233519191988771450e+43
6.963207939763861460e-46 1.000000000000000000e+01 7.958274233055872909e+43
6.963207939763861460e-46 1.268961003167922108e+01 8.005891410637855159e+43
6.963207939763861460e-46 1.610262027560939302e+01 8.031600293501929952e+43
6.963207939763861460e-46 2.043359717856941771e+01 8.032099160973768065e+43
6.963207939763861460e-46 2.592943797404667094e+01 8.008476138429548947e+43
6.963207939763861460e-46 3.290344562312667875e+01 7.967682946109371510e+43
6.963207939763861460e-46 4.175318936560400118e+01 7.919020445531219229e+43
6.963207939763861460e-46 5.298316906283707084e+01 7.872306061958017276e+43
6.963207939763861460e-46 6.723357536499334230e+01 7.837934293857255946e+43
6.963207939763861460e-46 8.531678524172805567e+01 7.823080409171119773e+43
6.963207939763861460e-46 1.082636733874054045e+02 7.827698918055985824e+43
6.963207939763861460e-46 1.373823795883263870e+02 7.844896902449103991e+43
6.963207939763861460e-46 1.743328822199987371e+02 7.864017986339376783e+43
6.963207939763861460e-46 2.212216291070450325e+02 7.876674784519984560e+43
6.963207939763861460e-46 2.807216203941175650e+02 7.881372502681624973e+43
6.963207939763861460e-46 3.562247890262444230e+02 7.882095070528886364e+43
6.963207939763861460e-46 4.520353656360240393e+02 7.884125749875930254e+43
6.963207939763861460e-46 5.736152510448681596e+02 7.889687593858795472e+43
6.963207939763861460e-46 7.278953843983146044e+02 7.895442147611414954e+43
6.963207939763861460e-46 9.236708571873865594e+02 7.893919922495657726e+43
6.963207939763861460e-46 1.172102297533480623e+03 7.877710530159154775e+43
6.963207939763861460e-46 1.487352107293511835e+03 7.842721881118724959e+43
6.963207939763861460e-46 1.887391822135097755e+03 7.789075663936076934e+43
6.963207939763861460e-46 2.395026619987485901e+03 7.719421926819220586e+43
6.963207939763861460e-46 3.039195382313198024e+03 7.634306408481228506e+43
6.963207939763861460e-46 3.856620421163472201e+03 7.528100295772960356e+43
6.963207939763861460e-46 4.893900918477494088e+03 7.391792875251055760e+43
6.963207939763861460e-46 6.210169418915616006e+03 7.220838050707897788e+43
6.963207939763861460e-46 7.880462815669912743e+03 7.018130401821510779e+43
6.963207939763861460e-46 1.000000000000000000e+04 6.791550522096665565e+43
8.441534596012959059e-46 1.000000000000000000e+01 6.563968768233211143e+43
8.441534596012959059e-46 1.268961003167922108e+01 6.603197824530332619e+43
8.441534596012959059e-46 1.610262027560939302e+01 6.624376545169112052e+43
8.441534596012959059e-46 2.043359717856941771e+01 6.624787496398976032e+43
8.441534596012959059e-46 2.592943797404667094e+01 6.605327137482673956e+43
8.441534596012959059e-46 3.290344562312667875e+01 6.571720318106751710e+43
8.441534596012959059e-46 4.175318936560400118e+01 6.531627446402567487e+43
8.441534596012959059e-46 5.298316906283707084e+01 6.493136622823802421e+43
8.441534596012959059e-46 6.723357536499334230e+01 6.464813867327405065e+43
8.441534596012959059e-46 8.531678524172805567e+01 6.452573640980338471e+43
8.441534596012959059e-46 1.082636733874054045e+02 6.456379515080802451e+43
8.441534596012959059e-46 1.373823795883263870e+02 6.470551281938340691e+43
8.441534596012959059e-46 1.743328822199987371e+02 6.486307311934624439e+43
8.441534596012959059e-46 2.212216291070450325e+02 6.496736396415246793e+43
8.441534596012959059e-46 2.807216203941175650e+02 6.500607231319710202e+43
8.441534596012959059e-46 3.562247890262444230e+02 6.501202611679657984e+43
8.441534596012959059e-46 4.520353656360240393e+02 6.502875844201660756e+43
8.441534596012959059e-46 5.736152510448681596e+02 6.507458647148287865e+43
8.441534596012959059e-46 7.278953843983146044e+02 6.512200195386939962e+43
8.441534596012959059e-46 9.236708571873865594e+02 6.510945940176560287e+43
8.441534596012959059e-46 1.172102297533480623e+03 6.497589834522456944e+43
8.441534596012959059e-46 1.487352107293511835e+03 6.468758984128152983e+43
8.441534596012959059e-46 1.887391822135097755e+03 6.424551293129272273e+43
8.441534596012959059e-46 2.395026619987485901e+03 6.367147557196946809e+43
8.441534596012959059e-46 3.039195382313198024e+03 6.296994415283723706e+43
8.441534596012959059e-46 3.856620421163472201e+03 6.209448645450218954e+43
8.441534596012959059e-46 4.893900918477494088e+03 6.097076816654539823e+43
8.441534596012959059e-46 6.210169418915616006e+03 5.956123785498302713e+43
8.441534596012959059e-46 7.880462815669912743e+03 5.788970012777544380e+43
8.441534596012959059e-46 1.000000000000000000e+04 5.602111514829782319e+43
1.023371798632517102e-45 1.000000000000000000e+01 5.413879628128351056e+43
1.023371798632517102e-45 1.268961003167922108e+01 5.446192620533438986e+43
1.023371798632517102e-45 1.610262027560939302e+01 5.463636276368108989e+43
1.023371798632517102e-45 2.043359717856941771e+01 5.463974742384855282e+43
1.023371798632517102e-45 2.592943797404667094e+01 5.447946446844936404e+43
1.023371798632517102e-45 3.290344562312667875e+01 5.420264819642021506e+43
1.023371798632517102e-45 4.175318936560400118e+01 5.387237832071642628e+43
1.023371798632517102e-45 5.298316906283707084e+01 5.355527738541432673e+43
1.023371798632517102e-45 6.723357536499334230e+01 5.332192802690077582e+43
1.023371798632517102e-45 8.531678524172805567e+01 5.322107742204974950e+43
1.023371798632517102e-45 1.082636733874054045e+02 5.325243533542619437e+43
1.023371798632517102e-45 1.373823795883263870e+02 5.336919953259646022e+43
1.023371798632517102e-45 1.743328822199987371e+02 5.349901267423913051e+43
1.023371798632517102e-45 2.212216291070450325e+02 5.358493468476135176e+43
1.023371798632517102e-45 2.807216203941175650e+02 5.361682491196229206e+43
1.023371798632517102e-45 3.562247890262444230e+02 5.362172998409991076e+43
1.023371798632517102e-45 4.520353656360240393e+02 5.363551496399305718e+43
1.023371798632517102e-45 5.736152510448681596e+02 5.367327027960728372e+43
1.023371798632517102e-45 7.278953843983146044e+02 5.371233301948157767e+43
1.023371798632517102e-45 9.236708571873865594e+02 5.370200001199015912e+43
1.023371798632517102e-45 1.172102297533480623e+03 5.359196583522678429e+43
1.023371798632517102e-45 1.487352107293511835e+03 5.335443240221639771e+43
1.023371798632517102e-45 1.887391822135097755e+03 5.299018412432283252e+43
1.023371798632517102e-45 2.395026619987485901e+03 5.251716145826753611e+43
1.023371798632517102e-45 3.039195382313198024e+03 5.193901556135333955e+43
1.023371798632517102e-45 3.856620421163472201e+03 5.121744421169232799e+43
1.023371798632517102e-45 4.893900918477494088e+03 5.029112416025590885e+43
1.023371798632517102e-45 6.210169418915616006e+03 4.912903158112796233e+43
1.023371798632517102e-45 7.880462815669912743e+03 4.775073473086343383e+43
1.023371798632517102e-45 1.000000000000000000e+04 4.620977552488784488e+43
1.240639159058829291e-45 1.000000000000000000e+01 4.465235988639499691e+43
1.240639159058829291e-45 1.268961003167922108e+01 4.491846990183567920e+43
1.240639159058829291e-45 1.610262027560939302e+01 4.506211329234564020e+43
1.240639159058829291e-45 2.043359717856941771e+01 4.506490036571239507e+43
1.240639159058829291e-45 2.592943797404667094e+01 4.493291249926986171e+43
1.240639159058829291e-45 3.290344562312667875e+01 4.470494662788100216e+43
1.240639159058829291e-45 4.175318936560400118e+01 4.443293342228278188e+43
1.240639159058829291e-45 5.298316906283707084e+01 4.417173989756039709e+43
1.240639159058829291e-45 6.723357536499334230e+01 4.397951636866978968e+43
1.240639159058829291e-45 8.531678524172805567e+01 4.389643591182142253e+43
1.240639159058829291e-45 1.082636733874054045e+02 4.392226872565208133e+43
1.240639159058829291e-45 1.373823795883263870e+02 4.401845791004015632e+43
1.240639159058829291e-45 1.743328822199987371e+02 4.412539280641332920e+43
1.240639159058829291e-45 2.212216291070450325e+02 4.419616941042736880e+43
1.240639159058829291e-45 2.807216203941175650e+02 4.422243800832706240e+43
1.240639159058829291e-45 3.562247890262444230e+02 4.422647838933736686e+43
1.240639159058829291e-45 4.520353656360240393e+02 4.423783325128744423e+43
1.240639159058829291e-45 5.736152510448681596e+02 4.426893254344222012e+43
1.240639159058829291e-45 7.278953843983146044e+02 4.430110839867531252e+43
1.240639159058829291e-45 9.236708571873865594e+02 4.429259717098409111e+43
1.240639159058829291e-45 1.172102297533480623e+03 4.420196112646649755e+43
1.240639159058829291e-45 1.487352107293511835e+03 4.400629288724054164e+43
1.240639159058829291e-45 1.887391822135097755e+03 4.370621778552279151e+43
1.240639159058829291e-45 2.395026619987485901e+03 4.331648912123732047e+43
1.240639159058829291e-45 3.039195382313198024e+03 4.284008766766538940e+43
1.240639159058829291e-45 3.856620421163472201e+03 4.224541753120216572e+43
1.240639159058829291e-45 4.893900918477494088e+03 4.148188838835565277e+43
1.240639159058829291e-45 6.210169418915616006e+03 4.052386391025705149e+43
1.240639159058829291e-45 7.880462815669912743e+03 3.938742210117286917e+43
1.240639159058829291e-45 1.000000000000000000e+04 3.811668885804362557e+43
1.504033553638022174e-45 1.000000000000000000e+01 3.682757428203837160e+43
1.504033553638022174e-45 1.268961003167922108e+01 3.704667719075108026e+43
1.504033553638022174e-45 1.610262027560939302e+01 3.716493550339798522e+43
1.504033553638022174e-45 2.043359717856941771e+01 3.716722994793562434e+43
1.504033553638022174e-45 2.592943797404667094e+01 3.705856778045610366e+43
1.504033553638022174e-45 3.290344562312667875e+01 3.687087389507391400e+43
1.504033553638022174e-45 4.175318936560400118e+01 3.664688884551517149e+43
1.504033553638022174e-45 5.298316906283707084e+01 3.643178835901919097e+43
1.504033553638022174e-45 6.723357536499334230e+01 3.627347212733844148e+43
1.504033553638022174e-45 8.531678524172805567e+01 3.620504299392018842e+43
1.504033553638022174e-45 1.082636733874054045e+02 3.622632039832767642e+43
1.504033553638022174e-45 1.373823795883263870e+02 3.630554572765240119e+43
1.504033553638022174e-45 1.743328822199987371e+02 3.639361802559855216e+43
1.504033553638022174e-45 2.212216291070450325e+02 3.645190774199151920e+43
1.504033553638022174e-45 2.807216203941175650e+02 3.647354151515252951e+43
1.504033553638022174e-45 3.562247890262444230e+02 3.647686899180129395e+43
1.504033553638022174e-45 4.520353656360240393e+02 3.648622031756450843e+43
1.504033553638022174e-45 5.736152510448681596e+02 3.651183199649546844e+43
1.504033553638022174e-45 7.278953843983146044e+02 3.653832992650854381e+43
1.504033553638022174e-45 9.236708571873865594e+02 3.653132067155803950e+43
1.504033553638022174e-45 1.172102297533480623e+03 3.645667758900325712e+43
1.504033553638022174e-45 1.487352107293511835e+03 3.629552611218927150e+43
1.504033553638022174e-45 1.887391822135097755e+03 3.604836172969290934e+43
1.504033553638022174e-45 2.395026619987485901e+03 3.572731159570040229e+43
1.504033553638022174e-45 3.039195382313198024e+03 3.533480545344359565e+43
1.504033553638022174e-45 3.856620421163472201e+03 3.484477938332907279e+43
1.504033553638022174e-45 4.893900918477494088e+03 3.421549678479154526e+43
1.504033553638022174e-45 6.210169418915616006e+03 3.342576818961911586e+43
1.504033553638022174e-45 7.880462815669912743e+03 3.248879652704762586e+43
1.504033553638022174e-45 1.000000000000000000e+04 3.144094310126807534e+43
1.823348000868438646e-45 1.000000000000000000e+01 3.037342159363987120e+43
1.823348000868438646e-45 1.268961003167922108e+01 3.055377503512061782e+43
1.823348000868438646e-45 1.610262027560939302e+01 3.065110832049726311e+43
1.823348000868438646e-45 2.043359717856941771e+01 3.065299669465806572e+43
1.823348000868438646e-45 2.592943797404667094e+01 3.056356197303291913e+43
1.823348000868438646e-45 3.290344562312667875e+01 3.040906539672326156e+43
1.823348000868438646e-45 4.175318936560400118e+01 3.022467287559373032e+43
1.823348000868438646e-45 5.298316906283707084e+01 3.004757124851122657e+43
1.823348000868438646e-45 6.723357536499334230e+01 2.991720893541576420e+43
1.823348000868438646e-45 8.531678524172805567e+01 2.986085890568967566e+43
1.823348000868438646e-45 1.082636733874054045e+02 2.987838064396925847e+43
1.823348000868438646e-45 1.373823795883263870e+02 2.994362038162256702e+43
1.823348000868438646e-45 1.743328822199987371e+02 3.001614192772647309e+43
1.823348000868438646e-45 2.212216291070450325e+02 3.006413732178403010e+43
1.823348000868438646e-45 2.807216203941175650e+02 3.008195011799953681e+43
1.823348000868438646e-45 3.562247890262444230e+02 3.008468987337400252e+43
1.823348000868438646e-45 4.520353656360240393e+02 3.009238947756623217e+43
1.823348000868438646e-45 5.736152510448681596e+02 3.011347716491350721e+43
1.823348000868438646e-45 7.278953843983146044e+02 3.013529423201286828e+43
1.823348000868438646e-45 9.236708571873865594e+02 3.012952319621209196e+43
1.823348000868438646e-45 1.172102297533480623e+03 3.006806473266403633e+43
1.823348000868438646e-45 1.487352107293511835e+03 2.993536951486466062e+43
1.823348000868438646e-45 1.887391822135097755e+03 2.973182721956619986e+43
1.823348000868438646e-45 2.395026619987485901e+03 2.946740144398728217e+43
1.823348000868438646e-45 3.039195382313198024e+03 2.914406923378390265e+43
1.823348000868438646e-45 3.856620421163472201e+03 2.874032994306213548e+43
1.823348000868438646e-45 4.893900918477494088e+03 2.822175056316567814e+43
1.823348000868438646e-45 6.210169418915616006e+03 2.757081240346437303e+43
1.823348000868438646e-45 7.880462815669912743e+03 2.679835051754690722e+43
1.823348000868438646e-45 1.000000000000000000e+04 2.593432368356366464e+43
2.210454629971019434e-45 1.000000000000000000e+01 2.504984984801246123e+43
2.210454629971019434e-45 1.268961003167922108e+01 2.519826377774225746e+43
2.210454629971019434e-45 1.610262027560939302e+01 2.527835013236725207e+43
2.210454629971019434e-45 2.043359717856941771e+01 2.527990381848732909e+43
2.210454629971019434e-45 2.592943797404667094e+01 2.520631681348448480e+43
2.210454629971019434e-45 3.290344562312667875e+01 2.507918317376550319e+43
2.210454629971019434e-45 4.175318936560400118e+01 2.492742635847751155e+43
2.210454629971019434e-45 5.298316906283707084e+01 2.478164826499946094e+43
2.210454629971019434e-45 6.723357536499334230e+01 2.467433002195987845e+43
2.210454629971019434e-45 8.531678524172805567e+01 2.462793773030636183e+43
2.210454629971019434e-45 1.082636733874054045e+02 2.464236336906086113e+43
2.210454629971019434e-45 1.373823795883263870e+02 2.469607375066644203e+43
2.210454629971019434e-45 1.743328822199987371e+02 2.475577587962308553e+43
2.210454629971019434e-45 2.212216291070450325e+02 2.479528518716708212e+43
2.210454629971019434e-45 2.807216203941175650e+02 2.480994819551658927e+43
2.210454629971019434e-45 3.562247890262444230e+02 2.481220346938554925e+43
2.210454629971019434e-45 4.520353656360240393e+02 2.481854149699299150e+43
2.210454629971019434e-45 5.736152510448681596e+02 2.483589990018306279e+43
2.210454629971019434e-45 7.278953843983146044e+02 2.485385838928504902e+43
2.210454629971019434e-45 9.236708571873865594e+02 2.484910805316377731e+43
2.210454629971019434e-45 1.172102297533480623e+03 2.479851814224121625e+43
2.210454629971019434e-45 1.487352107293511835e+03 2.468928099439565501e+43
2.210454629971019434e-45 1.887391822135097755e+03 2.452170021928511939e+43
2.210454629971019434e-45 2.395026619987485901e+03 2.430395727093089302e+43
2.210454629971019434e-45 3.039195382313198024e+03 2.403765749732091079e+43
2.210454629971019434e-45 3.856620421163472201e+03 2.370506446505944578e+43
2.210454629971019434e-45 4.893900918477494088e+03 2.327777007076171695e+43
2.210454629971019434e-45 6.210169418915616006e+03 2.274128606517528405e+43
2.210454629971019434e-45 7.880462815669912743e+03 2.210449777267516652e+43
2.210454629971019434e-45 1.000000000000000000e+04 2.139208483657523951e+43
2.679746087325689591e-45 1.000000000000000000e+01 2.065884747223661628e+43
2.679746087325689591e-45 1.268961003167922108e+01 2.078093778634020246e+43
2.679746087325689591e-45 1.610262027560939302e+01 2.084681034854982240e+43
2.679746087325689591e-45 2.043359717856941771e+01 2.084808821167681683e+43
2.679746087325689591e-45 2.592943797404667094e+01 2.078756183471880462e+43
2.679746087325689591e-45 3.290344562312667875e+01 2.068297976973128489e+43
2.679746087325689591e-45 4.175318936560400118e+01 2.055812157115567668e+43
2.679746087325689591e-45 5.298316906283707084e+01 2.043816197591250498e+43
2.679746087325689591e-45 6.723357536499334230e+01 2.034983867662355491e+43
2.679746087325689591e-45 8.531678524172805567e+01 2.031165463082806534e+43
2.679746087325689591e-45 1.082636733874054045e+02 2.032352811608898401e+43
2.679746087325689591e-45 1.373823795883263870e+02 2.036773479862424266e+43
2.679746087325689591e-45 1.743328822199987371e+02 2.041687002852622301e+43
2.679746087325689591e-45 2.212216291070450325e+02 2.044938448413119752e+43
2.679746087325689591e-45 2.807216203941175650e+02 2.046145122653035529e+43
2.679746087325689591e-45 3.562247890262444230e+02 2.046330715946955092e+43
2.679746087325689591e-45 4.520353656360240393e+02 2.046852288941416931e+43
2.679746087325689591e-45 5.736152510448681596e+02 2.048280739286895709e+43
2.679746087325689591e-45 7.278953843983146044e+02 2.049758542993258890e+43
2.679746087325689591e-45 9.236708571873865594e+02 2.049367640859441346e+43
2.679746087325689591e-45 1.172102297533480623e+03 2.045204502114397968e+43
2.679746087325689591e-45 1.487352107293511835e+03 2.036214396954464176e+43
2.679746087325689591e-45 1.887391822135097755e+03 2.022420700977577918e+43
2.679746087325689591e-45 2.395026619987485901e+03 2.004494791759220732e+43
2.679746087325689591e-45 3.039195382313198024e+03 1.982566705311360984e+43
2.679746087325689591e-45 3.856620421163472201e+03 1.955173306558297895e+43
2.679746087325689591e-45 4.893900918477494088e+03 1.919970797930763098e+43
2.679746087325689591e-45 6.210169418915616006e+03 1.875760563471147033e+43
2.679746087325689591e-45 7.880462815669912743e+03 1.823270633016370752e+43
2.679746087325689591e-45 1.000000000000000000e+04 1.764533709682827755e+43
3.248670655878374917e-45 1.000000000000000000e+01 1.703708087899126973e+43
3.248670655878374917e-45 1.268961003167922108e+01 1.713747861672850495e+43
3.248670655878374917e-45 1.610262027560939302e+01 1.719163856767844055e+43
3.248670655878374917e-45 2.043359717856941771e+01 1.719268914870552912e+43
3.248670655878374917e-45 2.592943797404667094e+01 1.714292511715394147e+43
3.248670655878374917e-45 3.290344562312667875e+01 1.705692704072318833e+43
3.248670655878374917e-45 4.175318936560400118e+01 1.695423640748685948e+43
3.248670655878374917e-45 5.298316906283707084e+01 1.685555553784686942e+43
3.248670655878374917e-45 6.723357536499334230e+01 1.678288798829771947e+43
3.248670655878374917e-45 8.531678524172805567e+01 1.675146942188374768e+43
3.248670655878374917e-45 1.082636733874054045e+02 1.676123933436728753e+43
3.248670655878374917e-45 1.373823795883263870e+02 1.679761282845087272e+43
3.248670655878374917e-45 1.743328822199987371e+02 1.683803874462663278e+43
3.248670655878374917e-45 2.212216291070450325e+02 1.686478811757779669e+43
3.248670655878374917e-45 2.807216203941175650e+02 1.687471506315625401e+43
3.248670655878374917e-45 3.562247890262444230e+02 1.687624186739257441e+43
3.248670655878374917e-45 4.520353656360240393e+02 1.688053262389304100e+43
3.248670655878374917e-45 5.736152510448681596e+02 1.689228369744968996e+43
3.248670655878374917e-45 7.278953843983146044e+02 1.690444050520207533e+43
3.248670655878374917e-45 9.236708571873865594e+02 1.690122486738301279e+43
3.248670655878374917e-45 1.172102297533480623e+03 1.686697687662760415e+43
3.248670655878374917e-45 1.487352107293511835e+03 1.679301265833030161e+43
3.248670655878374917e-45 1.887391822135097755e+03 1.667950942000037406e+43
3.248670655878374917e-45 2.395026619987485901e+03 1.653197250938346102e+43
3.248670655878374917e-45 3.039195382313198024e+03 1.635145222763098076e+43
3.248670655878374917e-45 3.856620421163472201e+03 1.612587860290469265e+43
3.248670655878374917e-45 4.893900918477494088e+03 1.583591370791861702e+43
3.248670655878374917e-45 6.210169418915616006e+03 1.547163750394577234e+43
3.248670655878374917e-45 7.880462815669912743e+03 1.503900939852500069e+43
3.248670655878374917e-45 1.000000000000000000e+04 1.455476794980272339e+43
3.938380983288489263e-45 1.000000000000000000e+01 1.404982140196277073e+43
3.938380983288489263e-45 1.268961003167922108e+01 1.413234530588146609e+43
3.938380983288489263e-45 1.610262027560939302e+01 1.417685507798265622e+43
3.938380983288489263e-45 2.043359717856941771e+01 1.417771840264528051e+43
3.938380983288489263e-45 2.592943797404667094e+01 1.413682159214557087e+43
3.938380983288489263e-45 3.290344562312667875e+01 1.406613585233177425e+43
3.938380983288489263e-45 4.175318936560400118e+01 1.398171150415073677e+43
3.938380983288489263e-45 5.298316906283707084e+01 1.390056573299726307e+43
3.938380983288489263e-45 6.723357536499334230e+01 1.384080029210558729e+43
3.938380983288489263e-45 8.531678524172805567e+01 1.381495742710371318e+43
3.938380983288489263e-45 1.082636733874054045e+02 1.382299368981680980e+43
3.938380983288489263e-45 1.373823795883263870e+02 1.385291158022599167e+43
3.938380983288489263e-45 1.743328822199987371e+02 1.388616002698708219e+43
3.938380983288489263e-45 2.212216291070450325e+02 1.390815843019629091e+43
3.938380983288489263e-45 2.807216203941175650e+02 1.391632199909134532e+43
3.938380983288489263e-45 3.562247890262444230e+02 1.391757757397668655e+43
3.938380983288489263e-45 4.520353656360240393e+02 1.392110607709317574e+43
3.938380983288489263e-45 5.736152510448681596e+02 1.393076940931079510e+43
3.938380983288489263e-45 7.278953843983146044e+02 1.394076613944845497e+43
3.938380983288489263e-45 9.236708571873865594e+02 1.393812189673890149e+43
3.938380983288489263e-45 1.172102297533480623e+03 1.390995840263011524e+43
3.938380983288489263e-45 1.487352107293511835e+03 1.384912784692056028e+43
3.938380983288489263e-45 1.887391822135097755e+03 1.375576179934674708e+43
3.938380983288489263e-45 2.395026619987485901e+03 1.363437089385460575e+43
3.938380983288489263e-45 3.039195382313198024e+03 1.348580058999587022e+43
3.938380983288489263e-45 3.856620421163472201e+03 1.330009380353794902e+43
3.938380983288489263e-45 4.893900918477494088e+03 1.306129493055325532e+43
3.938380983288489263e-45 6.210169418915616006e+03 1.276119029773863328e+43
3.938380983288489263e-45 7.880462815669912743e+03 1.240465260853022647e+43
3.938380983288489263e-45 1.000000000000000000e+04 1.200546214888835846e+43
4.774520538566131309e-45 1.000000000000000000e+01 1.158593578316996965e+43
4.774520538566131309e-45 1.268961003167922108e+01 1.165373463426822271e+43
4.774520538566131309e-45 1.610262027560939302e+01 1.169029479343549012e+43
4.774520538566131309e-45 2.043359717856941771e+01 1.169100386444526466e+43
4.774520538566131309e-45 2.592943797404667094e+01 1.165741166313489775e+43
4.774520538566131309e-45 3.290344562312667875e+01 1.159934059617630004e+43
4.774520538566131309e-45 4.175318936560400118e+01 1.152996563110998339e+43
4.774520538566131309e-45 5.298316906283707084e+01 1.146326798095839139e+43
4.774520538566131309e-45 6.723357536499334230e+01 1.141413396639302446e+43
4.774520538566131309e-45 8.531678524172805567e+01 1.139288568820102360e+43
4.774520538566131309e-45 1.082636733874054045e+02 1.139949334770730031e+43
4.774520538566131309e-45 1.373823795883263870e+02 1.142409161594532966e+43
4.774520538566131309e-45 1.743328822199987371e+02 1.145142576932336145e+43
4.774520538566131309e-45 2.212216291070450325e+02 1.146950944472741527e+43
4.774520538566131309e-45 2.807216203941175650e+02 1.147622003362788401e+43
4.774520538566131309e-45 3.562247890262444230e+02 1.147725212300650790e+43
4.774520538566131309e-45 4.520353656360240393e+02 1.148015255172335322e+43
4.774520538566131309e-45 5.736152510448681596e+02 1.148809565679330782e+43
4.774520538566131309e-45 7.278953843983146044e+02 1.149631257336988551e+43
4.774520538566131309e-45 9.236708571873865594e+02 1.149413913466439668e+43
4.774520538566131309e-45 1.172102297533480623e+03 1.147098906541041513e+43
4.774520538566131309e-45 1.487352107293511835e+03 1.142098065267803118e+43
4.774520538566131309e-45 1.887391822135097755e+03 1.134420876808506881e+43
4.774520538566131309e-45 2.395026619987485901e+03 1.124436549302477364e+43
4.774520538566131309e-45 3.039195382313198024e+03 1.112212865788263373e+43
4.774520538566131309e-45 3.856620421163472201e+03 1.096928411330426834e+43
4.774520538566131309e-45 4.893900918477494088e+03 1.077266652804767121e+43
4.774520538566131309e-45 6.210169418915616006e+03 1.052547171385463446e+43
4.774520538566131309e-45 7.880462815669912743e+03 1.023167866738956158e+43
4.774520538566131309e-45 1.000000000000000000e+04 9.902629128244504655e+42
5.788177037701279561e-45 1.000000000000000000e+01 9.553753957021921765e+42
5.788177037701279561e-45 1.268961003167922108e+01 9.609423978409962336e+42
5.788177037701279561e-45 1.610262027560939302e+01 9.639436639439581797e+42
5.788177037701279561e-45 2.043359717856941771e+01 9.640018667253410928e+42
5.788177037701279561e-45 2.592943797404667094e+01 9.612442704453705462e+42
5.788177037701279561e-45 3.290344562312667875e+01 9.564762048877728729e+42
5.788177037701279561e-45 4.175318936560400118e+01 9.507784017382687369e+42
5.788177037701279561e-45 5.298316906283707084e+01 9.452989098102077889e+42
5.788177037701279561e-45 6.723357536499334230e+01 9.412614161962116670e+42
5.788177037701279561e-45 8.531678524172805567e+01 9.395151457916608387e+42
5.788177037701279561e-45 1.082636733874054045e+02 9.400582051766475645e+42
5.788177037701279561e-45 1.373823795883263870e+02 9.420797409281186133e+42
5.788177037701279561e-45 1.743328822199987371e+02 9.443258853208223272e+42
5.788177037701279561e-45 2.212216291070450325e+02 9.458117338849600831e+42
5.788177037701279561e-45 2.807216203941175650e+02 9.463630889886140577e+42
5.788177037701279561e-45 3.562247890262444230e+02 9.464478861586690803e+42
5.788177037701279561e-45 4.520353656360240393e+02 9.466861854908389202e+42
5.788177037701279561e-45 5.736152510448681596e+02 9.473387770763292682e+42
5.788177037701279561e-45 7.278953843983146044e+02 9.480138423797823968e+42
5.788177037701279561e-45 9.236708571873865594e+02 9.478352845926652512e+42
5.788177037701279561e-45 1.172102297533480623e+03 9.459333036805653338e+42
5.788177037701279561e-45 1.487352107293511835e+03 9.418240750796047130e+42
5.788177037701279561e-45 1.887391822135097755e+03 9.355141479061411720e+42
5.788177037701279561e-45 2.395026619987485901e+03 9.273053943249775601e+42
5.788177037701279561e-45 3.039195382313198024e+03 9.172518959442683571e+42
5.788177037701279561e-45 3.856620421163472201e+03 9.046760145201311647e+42
5.788177037701279561e-45 4.893900918477494088e+03 8.884914058049594418e+42
5.788177037701279561e-45 6.210169418915616006e+03 8.681340986452299068e+42
5.788177037701279561e-45 7.880462815669912743e+03 8.439285252622062340e+42
5.788177037701279561e-45 1.000000000000000000e+04 8.168078654402433994e+42
7.017038286703837177e-45 1.000000000000000000e+01 7.877302593701296972e+42
7.017038286703837177e-45 1.268961003167922108e+01 7.922982827127440725e+42
7.017038286703837177e-45 1.610262027560939302e+01 7.947603188513371046e+42
7.017038286703837177e-45 2.043359717856941771e+01 7.948080591662437754e+42
7.017038286703837177e-45 2.592943797404667094e+01 7.925459382774455368e+42
7.017038286703837177e-45 3.290344562312667875e+01 7.886336560803778216e+42
7.017038286703837177e-45 4.175318936560400118e+01 7.839926738784918959e+42
7.017038286703837177e-45 5.298316906283707084e+01 7.794935839716697872e+42
7.017038286703837177e-45 6.723357536499334230e+01 7.761776166900804872e+42
7.017038286703837177e-45 8.531678524172805567e+01 7.747431968861199721e+42
7.017038286703837177e-45 1.082636733874054045e+02 7.751892901932665342e+42
7.017038286703837177e-45 1.373823795883263870e+02 7.768497708342683969e+42
7.017038286703837177e-45 1.743328822199987371e+02 7.786945265026972762e+42
7.017038286703837177e-45 2.212216291070450325e+02 7.799147102922318421e+42
7.017038286703837177e-45 2.807216203941175650e+02 7.803674646150248158e+42
7.017038286703837177e-45 3.562247890262444230e+02 7.804370959781668029e+42
7.017038286703837177e-45 4.520353656360240393e+02 7.806327741836643279e+42
7.017038286703837177e-45 5.736152510448681596e+02 7.811686328894151587e+42
7.017038286703837177e-45 7.278953843983146044e+02 7.817229245321784595e+42
7.017038286703837177e-45 9.236708571873865594e+02 7.815763140424785946e+42
7.017038286703837177e-45 1.172102297533480623e+03 7.800145405204358744e+42
7.017038286703837177e-45 1.487352107293511835e+03 7.766397674825272041e+42
7.017038286703837177e-45 1.887391822135097755e+03 7.714562043361232739e+42
7.017038286703837177e-45 2.395026619987485901e+03 7.647103527992042585e+42
7.017038286703837177e-45 3.039195382313198024e+03 7.564451108351062570e+42
7.017038286703837177e-45 3.856620421163472201e+03 7.461014440519862963e+42
7.017038286703837177e-45 4.893900918477494088e+03 7.327829100030623947e+42
7.017038286703837177e-45 6.210169418915616006e+03 7.160217639222029715e+42
7.017038286703837177e-45 7.880462815669912743e+03 6.960820731697717373e+42
7.017038286703837177e-45 1.000000000000000000e+04 6.737313681016712466e+42
8.506793416364170185e-45 1.000000000000000000e+01 6.494988799307883573e+42
8.506793416364170185e-45 1.268961003167922108e+01 6.532445695276522591e+42
8.506793416364170185e-45 1.610262027560939302e+01 6.552627675921907512e+42
8.506793416364170185e-45 2.043359717856941771e+01 6.553018966292536331e+42
8.506793416364170185e-45 2.592943797404667094e+01 6.534475980018948614e+42
8.506793416364170185e-45 3.290344562312667875e+01 6.502397638926624601e+42
8.506793416364170185e-45 4.175318936560400118e+01 6.464037855587244154e+42
8.506793416364170185e-45 5.298316906283707084e+01 6.427121839640177573e+42
8.506793416364170185e-45 6.723357536499334230e+01 6.400196606255285500e+42
8.506793416364170185e-45 8.531678524172805567e+01 6.388420915622247610e+42
8.506793416364170185e-45 1.082636733874054045e+02 6.392083194085503316e+42
8.506793416364170185e-45 1.373823795883263870e+02 6.405714259048169414e+42
8.506793416364170185e-45 1.743328822199987371e+02 6.420856017693704492e+42
8.506793416364170185e-45 2.212216291070450325e+02 6.430577813726305113e+42
8.506793416364170185e-45 2.807216203941175650e+02 6.434293218510212556e+42
8.506793416364170185e-45 3.562247890262444230e+02 6.434864617787339598e+42
8.506793416364170185e-45 4.520353656360240393e+02 6.436470348790556663e+42
8.506793416364170185e-45 5.736152510448681596e+02 6.440867468639207370e+42
8.506793416364170185e-45 7.278953843983146044e+02 6.445415650126692729e+42
8.506793416364170185e-45 9.236708571873865594e+02 6.444212673128194819e+42
8.506793416364170185e-45 1.172102297533480623e+03 6.431397054367198927e+42
8.506793416364170185e-45 1.487352107293511835e+03 6.403990313578862962e+42
8.506793416364170185e-45 1.887391822135097755e+03 6.361432102295781908e+42
8.506793416364170185e-45 2.395026619987485901e+03 6.306024501604387077e+42
8.506793416364170185e-45 3.039195382313198024e+03 6.238105352542223073e+42
8.506793416364170185e-45 3.856620421163472201e+03 6.153062702505513357e+42
8.506793416364170185e-45 4.893900918477494088e+03 6.043498812934053304e+42
8.506793416364170185e-45 6.210169418915616006e+03 5.905531595163126663e+42
8.506793416364170185e-45 7.880462815669912743e+03 5.741306007952593366e+42
8.506793416364170185e-45 1.000000000000000000e+04 5.557132318823428558e+42
1.031283160672186867e-44 1.000000000000000000e+01 5.354931050017852696e+42
1.031283160672186867e-44 1.268961003167922108e+01 5.385619242441812619e+42
1.031283160672186867e-44 1.610262027560939302e+01 5.402148364806137969e+42
1.031283160672186867e-44 2.043359717856941771e+01 5.402468786286219775e+42
1.031283160672186867e-44 2.592943797404667094e+01 5.387282226801137525e+42
1.031283160672186867e-44 3.290344562312667875e+01 5.361002155572943631e+42
1.031283160672186867e-44 4.175318936560400118e+01 5.329562808669449056e+42
1.031283160672186867e-44 5.298316906283707084e+01 5.299293744609624770e+42
1.031283160672186867e-44 6.723357536499334230e+01 5.276970185442083248e+42
1.031283160672186867e-44 8.531678524172805567e+01 5.267309858815207419e+42
1.031283160672186867e-44 1.082636733874054045e+02 5.270314374721021502e+42
1.031283160672186867e-44 1.373823795883263870e+02 5.281496364456681644e+42
1.031283160672186867e-44 1.743328822199987371e+02 5.293915715160650817e+42
1.031283160672186867e-44 2.212216291070450325e+02 5.302127957718238386e+42
1.031283160672186867e-44 2.807216203941175650e+02 5.305174810521651547e+42
1.031283160672186867e-44 3.562247890262444230e+02 5.305643381090146375e+42
1.031283160672186867e-44 4.520353656360240393e+02 5.306960130124521500e+42
1.031283160672186867e-44 5.736152510448681596e+02 5.310565786992026692e+42
1.031283160672186867e-44 7.278953843983146044e+02 5.314295132399987469e+42
1.031283160672186867e-44 9.236708571873865594e+02 5.313308753166647458e+42
1.031283160672186867e-44 1.172102297533480623e+03 5.302799794197135558e+42
1.031283160672186867e-44 1.487352107293511835e+03 5.280082152855290641e+42
1.031283160672186867e-44 1.887391822135097755e+03 5.245164909858122784e+42
1.031283160672186867e-44 2.395026619987485901e+03 5.199920925488202846e+42
1.031283160672186867e-44 3.039195382313198024e+03 5.144138341854048172e+42
1.031283160672186867e-44 3.856620421163472201e+03 5.074250649003644048e+42
1.031283160672186867e-44 4.893900918477494088e+03 4.984152648693669045e+42
1.031283160672186867e-44 6.210169418915616006e+03 4.870619837666904103e+42
1.031283160672186867e-44 7.880462815669912743e+03 4.735390354692396028e+42
1.031283160672186867e-44 1.000000000000000000e+04 4.583649761804462039e+42
1.250230145991458617e-44 1.000000000000000000e+01 4.414693361709968293e+42
1.250230145991458617e-44 1.268961003167922108e+01 4.439811876490199837e+42
1.250230145991458617e-44 1.610262027560939302e+01 4.453335607815999695e+42
1.250230145991458617e-44 2.043359717856941771e+01 4.453597725000129947e+42
1.250230145991458617e-44 2.592943797404667094e+01 4.441172652645319988e+42
1.250230145991458617e-44 3.290344562312667875e+01 4.419663630257650752e+42
1.250230145991458617e-44 4.175318936560400118e+01 4.393919574283558622e+42
1.250230145991458617e-44 5.298316906283707084e+01 4.369121592855155822e+42
1.250230145991458617e-44 6.723357536499334230e+01 4.350825800772305910e+42
1.250230145991458617e-44 8.531678524172805567e+01 4.342906647276354474e+42
1.250230145991458617e-44 1.082636733874054045e+02 4.345369745744532457e+42
1.250230145991458617e-44 1.373823795883263870e+02 4.354535908624268630e+42
1.250230145991458617e-44 1.743328822199987371e+02 4.364714574297417560e+42
1.250230145991458617e-44 2.212216291070450325e+02 4.371444003143910543e+42
1.250230145991458617e-44 2.807216203941175650e+02 4.373940544814433062e+42
1.250230145991458617e-44 3.562247890262444230e+02 4.374324473787170364e+42
1.250230145991458617e-44 4.520353656360240393e+02 4.375403353550044755e+42
1.250230145991458617e-44 5.736152510448681596e+02 4.378357542483646515e+42
1.250230145991458617e-44 7.278953843983146044e+02 4.381412900706883670e+42
1.250230145991458617e-44 9.236708571873865594e+02 4.380604802710589053e+42
1.250230145991458617e-44 1.172102297533480623e+03 4.371994504836008758e+42
1.250230145991458617e-44 1.487352107293511835e+03 4.353376638156764109e+42
1.250230145991458617e-44 1.887391822135097755e+03 4.324748997980477779e+42
1.250230145991458617e-44 2.395026619987485901e+03 4.287440652408660595e+42
1.250230145991458617e-44 3.039195382313198024e+03 4.241848416957071427e+42
1.250230145991458617e-44 3.856620421163472201e+03 4.184444942305026268e+42
1.250230145991458617e-44 4.893900918477494088e+03 4.110386161967534715e+42
1.250230145991458617e-44 6.210169418915616006e+03 4.016991420401449930e+42
1.250230145991458617e-44 7.880462815669912743e+03 3.905665235116138757e+42
1.250230145991458617e-44 1.000000000000000000e+04 3.780666624561335448e+42
1.515660758900607497e-44 1.000000000000000000e+01 3.639272051897622822e+42
1.515660758900607497e-44 1.268961003167922108e+01 3.659809125911533619e+42
1.515660758900607497e-44 1.610262027560939302e+01 3.670861086714866944e+42
1.515660758900607497e-44 2.043359717856941771e+01 3.671075254740442465e+42
1.515660758900607497e-44 2.592943797404667094e+01 3.660921341272407133e+42
1.515660758900607497e-44 3.290344562312667875e+01 3.643336738012955191e+42
1.515660758900607497e-44 4.175318936560400118e+01 3.622278165680472124e+42
1.515660758900607497e-44 5.298316906283707084e+01 3.601982026166199320e+42
1.515660758900607497e-44 6.723357536499334230e+01 3.587000930410580677e+42
1.515660758900607497e-44 8.531678524172805567e+01 3.580514814679298553e+42
1.515660758900607497e-44 1.082636733874054045e+02 3.582532302720823532e+42
1.515660758900607497e-44 1.373823795883263870e+02 3.590039405645543296e+42
1.515660758900607497e-44 1.743328822199987371e+02 3.598374067871454458e+42
1.515660758900607497e-44 2.212216291070450325e+02 3.603883271398701359e+42
1.515660758900607497e-44 2.807216203941175650e+02 3.605926966626196546e+42
1.515660758900607497e-44 3.562247890262444230e+02 3.606241245408873917e+42
1.515660758900607497e-44 4.520353656360240393e+02 3.607124387388809257e+42
1.515660758900607497e-44 5.736152510448681596e+02 3.609542503927854206e+42
1.515660758900607497e-44 7.278953843983146044e+02 3.612043270765923431e+42
1.515660758900607497e-44 9.236708571873865594e+02 3.611381870593917597e+42
1.515660758900607497e-44 1.172102297533480623e+03 3.604333927055257476e+42
1.515660758900607497e-44 1.487352107293511835e+03 3.589089956177976578e+42
1.515660758900607497e-44 1.887391822135097755e+03 3.565639102862325039e+42
1.515660758900607497e-44 2.395026619987485901e+03 3.535058597948328019e+42
1.515660758900607497e-44 3.039195382313198024e+03 3.497503308487788635e+42
1.515660758900607497e-44 3.856620421163472201e+03 3.450540934441233961e+42
1.515660758900607497e-44 4.893900918477494088e+03 3.389695876907161149e+42
1.515660758900607497e-44 6.210169418915616006e+03 3.312896318732544118e+42
1.515660758900607497e-44 7.880462815669912743e+03 3.221273415634713833e+42
1.515660758900607497e-44 1.000000000000000000e+04 3.118323025493143444e+42
1.837443724610732250e-44 1.000000000000000000e+01 2.999794113043158440e+42
1.837443724610732250e-44 1.268961003167922108e+01 3.016564160722265894e+42
1.837443724610732250e-44 1.610262027560939302e+01 3.025584091786914649e+42
1.837443724610732250e-44 2.043359717856941771e+01 3.025758843850742834e+42
1.837443724610732250e-44 2.592943797404667094e+01 3.017472025127255935e+42
1.837443724610732250e-44 3.290344562312667875e+01 3.003114131497304821e+42
1.837443724610732250e-44 4.175318936560400118e+01 2.985908812130601881e+42
1.837443724610732250e-44 5.298316906283707084e+01 2.969315671235836270e+42
1.837443724610732250e-44 6.723357536499334230e+01 2.957061535716526236e+42
1.837443724610732250e-44 8.531678524172805567e+01 2.951754475812648091e+42
1.837443724610732250e-44 1.082636733874054045e+02 2.953405323210514437e+42
1.837443724610732250e-44 1.373823795883263870e+02 2.959547431414972610e+42
1.837443724610732250e-44 1.743328822199987371e+02 2.966365048411483052e+42
1.837443724610732250e-44 2.212216291070450325e+02 2.970870456376427105e+42
1.837443724610732250e-44 2.807216203941175650e+02 2.972541636567179002e+42
1.837443724610732250e-44 3.562247890262444230e+02 2.972798621193989352e+42
1.837443724610732250e-44 4.520353656360240393e+02 2.973520750439454446e+42
1.837443724610732250e-44 5.736152510448681596e+02 2.975497903931536094e+42
1.837443724610732250e-44 7.278953843983146044e+02 2.977542485118862833e+42
1.837443724610732250e-44 9.236708571873865594e+02 2.977001751863020961e+42
1.837443724610732250e-44 1.172102297533480623e+03 2.971238977285367178e+42
1.837443724610732250e-44 1.487352107293511835e+03 2.958770612644892948e+42
1.837443724610732250e-44 1.887391822135097755e+03 2.939579288268945962e+42
1.837443724610732250e-44 2.395026619987485901e+03 2.914535778079267844e+42
1.837443724610732250e-44 3.039195382313198024e+03 2.883755646952940865e+42
1.837443724610732250e-44 3.856620421163472201e+03 2.845231745427255511e+42
1.837443724610732250e-44 4.893900918477494088e+03 2.795270736921699905e+42
1.837443724610732250e-44 6.210169418915616006e+03 2.732144912277697335e+42
1.837443724610732250e-44 7.880462815669912743e+03 2.656761659193606338e+42
1.837443724610732250e-44 1.000000000000000000e+04 2.571988374426021080e+42
2.227542951999565477e-44 1.000000000000000000e+01 2.472443536233610151e+42
2.227542951999565477e-44 1.268961003167922108e+01 2.486117639076275930e+42
2.227542951999565477e-44 1.610262027560939302e+01 2.493467869852287841e+42
2.227542951999565477e-44 2.043359717856941771e+01 2.493610236826422388e+42
2.227542951999565477e-44 2.592943797404667094e+01 2.486857580293346458e+42
2.227542951999565477e-44 3.290344562312667875e+01 2.475151485156427735e+42
2.227542951999565477e-44 4.175318936560400118e+01 2.461113619263281971e+42
2.227542951999565477e-44 5.298316906283707084e+01 2.447565147811455176e+42
2.227542951999565477e-44 6.723357536499334230e+01 2.437553592385118809e+42
2.227542951999565477e-44 8.531678524172805567e+01 2.433216263881278304e+42
2.227542951999565477e-44 1.082636733874054045e+02 2.434565555606264504e+42
2.227542951999565477e-44 1.373823795883263870e+02 2.439585027625278757e+42
2.227542951999565477e-44 1.743328822199987371e+02 2.445155060928195022e+42
2.227542951999565477e-44 2.212216291070450325e+02 2.448835039110929863e+42
2.227542951999565477e-44 2.807216203941175650e+02 2.450199907025457365e+42
2.227542951999565477e-44 3.562247890262444230e+02 2.450409780322066592e+42
2.227542951999565477e-44 4.520353656360240393e+02 2.450999514307775789e+42
2.227542951999565477e-44 5.736152510448681596e+02 2.452614085522312555e+42
2.227542951999565477e-44 7.278953843983146044e+02 2.454283577822509500e+42
2.227542951999565477e-44 9.236708571873865594e+02 2.453842059314447771e+42
2.227542951999565477e-44 1.172102297533480623e+03 2.449136021542332610e+42
2.227542951999565477e-44 1.487352107293511835e+03 2.438950188557651494e+42
2.227542951999565477e-44 1.887391822135097755e+03 2.423262402660862554e+42
2.227542951999565477e-44 2.395026619987485901e+03 2.402774339859269793e+42
2.227542951999565477e-44 3.039195382313198024e+03 2.377569966929860132e+42
2.227542951999565477e-44 3.856620421163472201e+03 2.345886535917619674e+42
2.227542951999565477e-44 4.893900918477494088e+03 2.304995203187453284e+42
2.227542951999565477e-44 6.210169418915616006e+03 2.253134206683621754e+42
2.227542951999565477e-44 7.880462815669912743e+03 2.191134341537118123e+42
2.227542951999565477e-44 1.000000000000000000e+04 2.121345586852984468e+42
2.700462352420693147e-44 1.000000000000000000e+01 2.037575665149703440e+42
2.700462352420693147e-44 1.268961003167922108e+01 2.048706718640193243e+42
2.700462352420693147e-44 1.610262027560939302e+01 2.054685749836459229e+42
2.700462352420693147e-44 2.043359717856941771e+01 2.054801523875881563e+42
2.700462352420693147e-44 2.592943797404667094e+01 2.049308747772602228e+42
2.700462352420693147e-44 3.290344562312667875e+01 2.039780793787853551e+42
2.700462352420693147e-44 4.175318936560400118e+01 2.028345324978507795e+42
2.700462352420693147e-44 5.298316906283707084e+01 2.017299060600402756e+42
2.700462352420693147e-44 6.723357536499334230e+01 2.009130933228968146e+42
2.700462352420693147e-44 8.531678524172805567e+01 2.005590837032801241e+42
2.700462352420693147e-44 1.082636733874054045e+02 2.006692208379388575e+42
2.700462352420693147e-44 1.373823795883263870e+02 2.010788764620930072e+42
2.700462352420693147e-44 1.743328822199987371e+02 2.015333263539782525e+42
2.700462352420693147e-44 2.212216291070450325e+02 2.018334790124513774e+42
2.700462352420693147e-44 2.807216203941175650e+02 2.019447898064583265e+42
2.700462352420693147e-44 3.562247890262444230e+02 2.019619050835078388e+42
2.700462352420693147e-44 4.520353656360240393e+02 2.020099970750176347e+42
2.700462352420693147e-44 5.736152510448681596e+02 2.021416546149760371e+42
2.700462352420693147e-44 7.278953843983146044e+02 2.022777773469324215e+42
2.700462352420693147e-44 9.236708571873865594e+02 2.022417793133737654e+42
2.700462352420693147e-44 1.172102297533480623e+03 2.018580261707537260e+42
2.700462352420693147e-44 1.487352107293511835e+03 2.010270646673488786e+42
2.700462352420693147e-44 1.887391822135097755e+03 1.997463393538726829e+42
2.700462352420693147e-44 2.395026619987485901e+03 1.980721827611616948e+42
2.700462352420693147e-44 3.039195382313198024e+03 1.960104625170606964e+42
2.700462352420693147e-44 3.856620421163472201e+03 1.934157421567852292e+42
2.700462352420693147e-44 4.893900918477494088e+03 1.900626936780521660e+42
2.700462352420693147e-44 6.210169418915616006e+03 1.858044589304238481e+42
2.700462352420693147e-44 7.880462815669912743e+03 1.807072803685576065e+42
2.700462352420693147e-44 1.000000000000000000e+04 1.749635675737910137e+42
3.273785095948590222e-44 1.000000000000000000e+01 1.678986651283563416e+42
3.273785095948590222e-44 1.268961003167922108e+01 1.688030104998085245e+42
3.273785095948590222e-44 1.610262027560939302e+01 1.692883810833753055e+42
3.273785095948590222e-44 2.043359717856941771e+01 1.692977762786293850e+42
3.273785095948590222e-44 2.592943797404667094e+01 1.688518942606471080e+42
3.273785095948590222e-44 3.290344562312667875e+01 1.680778957212501592e+42
3.273785095948590222e-44 4.175318936560400118e+01 1.671480385591675682e+42
3.273785095948590222e-44 5.298316906283707084e+01 1.662489404312447543e+42
3.273785095948590222e-44 6.723357536499334230e+01 1.655835829612516887e+42
3.273785095948590222e-44 8.531678524172805567e+01 1.652950832130415586e+42
3.273785095948590222e-44 1.082636733874054045e+02 1.653848477174704097e+42
3.273785095948590222e-44 1.373823795883263870e+02 1.657186679508611094e+42
3.273785095948590222e-44 1.743328822199987371e+02 1.660888598568542136e+42
3.273785095948590222e-44 2.212216291070450325e+02 1.663332770660203783e+42
3.273785095948590222e-44 2.807216203941175650e+02 1.664239064415157520e+42
3.273785095948590222e-44 3.562247890262444230e+02 1.664378409834760535e+42
3.273785095948590222e-44 4.520353656360240393e+02 1.664769944153317777e+42
3.273785095948590222e-44 5.736152510448681596e+02 1.665841736002690772e+42
3.273785095948590222e-44 7.278953843983146044e+02 1.666949753494237882e+42
3.273785095948590222e-44 9.236708571873865594e+02 1.666656747935673277e+42
3.273785095948590222e-44 1.172102297533480623e+03 1.663532641021017736e+42
3.273785095948590222e-44 1.487352107293511835e+03 1.656764470574521296e+42
3.273785095948590222e-44 1.887391822135097755e+03 1.646324402095318844e+42
3.273785095948590222e-44 2.395026619987485901e+03 1.632662708010734220e+42
3.273785095948590222e-44 3.039195382313198024e+03 1.615817932876055482e+42
3.273785095948590222e-44 3.856620421163472201e+03 1.594590133738311988e+42
3.273785095948590222e-44 4.893900918477494088e+03 1.567047474334030860e+42
3.273785095948590222e-44 6.210169418915616006e+03 1.532177253930943062e+42
3.273785095948590222e-44 7.880462815669912743e+03 1.490291415986812596e+42
3.273785095948590222e-44 1.000000000000000000e+04 1.443034634691635571e+42
3.968827354637181961e-44 1.000000000000000000e+01 1.383310848078340059e+42
3.968827354637181961e-44 1.268961003167922108e+01 1.390641810862139289e+42
3.968827354637181961e-44 1.610262027560939302e+01 1.394572677912923223e+42
3.968827354637181961e-44 2.043359717856941771e+01 1.394648736623224989e+42
3.968827354637181961e-44 2.592943797404667094e+01 1.391037815715112151e+42
3.968827354637181961e-44 3.290344562312667875e+01 1.384764456349425159e+42
3.968827354637181961e-44 4.175318936560400118e+01 1.377219364921155373e+42
3.968827354637181961e-44 5.298316906283707084e+01 1.369915515168908461e+42
3.968827354637181961e-44 6.723357536499334230e+01 1.364505562995386847e+42
3.968827354637181961e-44 8.531678524172805567e+01 1.362158568266129959e+42
3.968827354637181961e-44 1.082636733874054045e+02 1.362888896379346360e+42
3.968827354637181961e-44 1.373823795883263870e+02 1.365604317057422303e+42
3.968827354637181961e-44 1.743328822199987371e+02 1.368614375925957885e+42
3.968827354637181961e-44 2.212216291070450325e+02 1.370600951109728533e+42
3.968827354637181961e-44 2.807216203941175650e+02 1.371337455720661097e+42
3.968827354637181961e-44 3.562247890262444230e+02 1.371450688634053689e+42
3.968827354637181961e-44 4.520353656360240393e+02 1.371768841847727808e+42
3.968827354637181961e-44 5.736152510448681596e+02 1.372639684218324763e+42
3.968827354637181961e-44 7.278953843983146044e+02 1.373539843557371219e+42
3.968827354637181961e-44 9.236708571873865594e+02 1.373301816230842908e+42
3.968827354637181961e-44 1.172102297533480623e+03 1.370763383539876674e+42
3.968827354637181961e-44 1.487352107293511835e+03 1.365260871327215018e+42
3.968827354637181961e-44 1.887391822135097755e+03 1.356765057475933025e+42
3.968827354637181961e-44 2.395026619987485901e+03 1.345633968479797444e+42
3.968827354637181961e-44 3.039195382313198024e+03 1.331890231197632609e+42
3.968827354637181961e-44 3.856620421163472201e+03 1.314543811494104908e+42
3.968827354637181961e-44 4.893900918477494088e+03 1.291999438775459861e+42
3.968827354637181961e-44 6.210169418915616006e+03 1.263407659819130857e+42
3.968827354637181961e-44 7.880462815669912743e+03 1.229006412055103827e+42
3.968827354637181961e-44 1.000000000000000000e+04 1.190139444932130588e+42
4.811430839003283814e-44 1.000000000000000000e+01 1.139523738479606624e+42
4.811430839003283814e-44 1.268961003167922108e+01 1.145451085388738673e+42
4.811430839003283814e-44 1.610262027560939302e+01 1.148625831938941527e+42
4.811430839003283814e-44 2.043359717856941771e+01 1.148687232121370711e+42
4.811430839003283814e-44 2.592943797404667094e+01 1.145771020413633066e+42
4.811430839003283814e-44 3.290344562312667875e+01 1.140699688478795593e+42
4.811430839003283814e-44 4.175318936560400118e+01 1.134592332197169322e+42
4.811430839003283814e-44 5.298316906283707084e+01 1.128672407248727879e+42
4.811430839003283814e-44 6.723357536499334230e+01 1.124282922397445918e+42
4.811430839003283814e-44 8.531678524172805567e+01 1.122377477923987185e+42
4.811430839003283814e-44 1.082636733874054045e+02 1.122970479987088177e+42
4.811430839003283814e-44 1.373823795883263870e+02 1.125174789465537312e+42
4.811430839003283814e-44 1.743328822199987371e+02 1.127617130657597231e+42
4.811430839003283814e-44 2.212216291070450325e+02 1.129228272619934581e+42
4.811430839003283814e-44 2.807216203941175650e+02 1.129825482699828124e+42
4.811430839003283814e-44 3.562247890262444230e+02 1.129917293475223670e+42
4.811430839003283814e-44 4.520353656360240393e+02 1.130175247108861573e+42
4.811430839003283814e-44 5.736152510448681596e+02 1.130881242063960078e+42
4.811430839003283814e-44 7.278953843983146044e+02 1.131610894763047394e+42
4.811430839003283814e-44 9.236708571873865594e+02 1.131417965394866863e+42
4.811430839003283814e-44 1.172102297533480623e+03 1.129359990606665213e+42
4.811430839003283814e-44 1.487352107293511835e+03 1.124895983974783023e+42
4.811430839003283814e-44 1.887391822135097755e+03 1.117996044906651597e+42
4.811430839003283814e-44 2.395026619987485901e+03 1.108943060418553724e+42
4.811430839003283814e-44 3.039195382313198024e+03 1.097747177096162103e+42
4.811430839003283814e-44 3.856620421163472201e+03 1.083591550905225651e+42
4.811430839003283814e-44 4.893900918477494088e+03 1.065158678779377596e+42
4.811430839003283814e-44 6.210169418915616006e+03 1.041687439674107644e+42
4.811430839003283814e-44 7.880462815669912743e+03 1.013497743707590733e+42
4.811430839003283814e-44 1.000000000000000000e+04 9.815440956736370013e+41
5.832923594286235413e-44 1.000000000000000000e+01 9.385319141684956486e+41
5.832923594286235413e-44 1.268961003167922108e+01 9.433099203523736604e+41
5.832923594286235413e-44 1.610262027560939302e+01 9.458657799279638230e+41
5.832923594286235413e-44 2.043359717856941771e+01 9.459151841136332691e+41
5.832923594286235413e-44 2.592943797404667094e+01 9.435675843029796602e+41
5.832923594286235413e-44 3.290344562312667875e+01 9.394804579322370805e+41
5.832923594286235413e-44 4.175318936560400118e+01 9.345508789418891800e+41
5.832923594286235413e-44 5.298316906283707084e+01 9.297652131091886786e+41
5.832923594286235413e-44 6.723357536499334230e+01 9.262124275991106411e+41
5.832923594286235413e-44 8.531678524172805567e+01 9.246691003342958399e+41
5.832923594286235413e-44 1.082636733874054045e+02 9.251494755012503613e+41
5.832923594286235413e-44 1.373823795883263870e+02 9.269346385290598036e+41
5.832923594286235413e-44 1.743328822199987371e+02 9.289114934696827403e+41
5.832923594286235413e-44 2.212216291070450325e+02 9.302148610970036012e+41
5.832923594286235413e-44 2.807216203941175650e+02 9.306978874568487097e+41
5.832923594286235413e-44 3.562247890262444230e+02 9.307721383557358335e+41
5.832923594286235413e-44 4.520353656360240393e+02 9.309807466369134415e+41
5.832923594286235413e-44 5.736152510448681596e+02 9.315516218714373404e+41
5.832923594286235413e-44 7.278953843983146044e+02 9.321415240329188619e+41
5.832923594286235413e-44 9.236708571873865594e+02 9.319855570206804828e+41
5.832923594286235413e-44 1.172102297533480623e+03 9.303214011254346453e+41
5.832923594286235413e-44 1.487352107293511835e+03 9.267088424827507388e+41
5.832923594286235413e-44 1.887391822135097755e+03 9.211178617078218011e+41
5.832923594286235413e-44 2.395026619987485901e+03 9.137702639907385977e+41
5.832923594286235413e-44 3.039195382313198024e+03 9.046665149786407768e+41
5.832923594286235413e-44 3.856620421163472201e+03 8.931326713527166899e+41
5.832923594286235413e-44 4.893900918477494088e+03 8.780804896792566560e+41
5.832923594286235413e-44 6.210169418915616006e+03 8.588700061847403907e+41
5.832923594286235413e-44 7.880462815669912743e+03 8.357476665417172461e+41
5.832923594286235413e-44 1.000000000000000000e+04 8.094898542984821845e+41
7.071284778943039578e-44 1.000000000000000000e+01 7.728348613709931267e+41
7.071284778943039578e-44 1.268961003167922108e+01 7.766727960873029377e+41
7.071284778943039578e-44 1.610262027560939302e+01 7.787226991577095962e+41
7.071284778943039578e-44 2.043359717856941771e+01 7.787622982574190036e+41
7.071284778943039578e-44 2.592943797404667094e+01 7.768795444496388364e+41
7.071284778943039578e-44 3.290344562312667875e+01 7.735973589346883620e+41
7.071284778943039578e-44 4.175318936560400118e+01 7.696315855052132505e+41
7.071284778943039578e-44 5.298316906283707084e+01 7.657746495143724985e+41
7.071284778943039578e-44 6.723357536499334230e+01 7.629072652105255883e+41
7.071284778943039578e-44 8.531678524172805567e+01 7.616606527955069094e+41
7.071284778943039578e-44 1.082636733874054045e+02 7.620487377483329003e+41
7.071284778943039578e-44 1.373823795883263870e+02 7.634904739181383018e+41
7.071284778943039578e-44 1.743328822199987371e+02 7.650860110603450244e+41
7.071284778943039578e-44 2.212216291070450325e+02 7.661373060130777473e+41
7.071284778943039578e-44 2.807216203941175650e+02 7.665268212798431865e+41
7.071284778943039578e-44 3.562247890262444230e+02 7.665866919082760806e+41
7.071284778943039578e-44 4.520353656360240393e+02 7.667548905432862608e+41
7.071284778943039578e-44 5.736152510448681596e+02 7.672151190206647912e+41
7.071284778943039578e-44 7.278953843983146044e+02 7.676905898247291730e+41
7.071284778943039578e-44 9.236708571873865594e+02 7.675648877819884091e+41
7.071284778943039578e-44 1.172102297533480623e+03 7.662232260513486296e+41
7.071284778943039578e-44 1.487352107293511835e+03 7.633081110381430097e+41
7.071284778943039578e-44 1.887391822135097755e+03 7.587898425277813664e+41
7.071284778943039578e-44 2.395026619987485901e+03 7.528406900240249534e+41
7.071284778943039578e-44 3.039195382313198024e+03 7.454537135591353948e+41
7.071284778943039578e-44 3.856620421163472201e+03 7.360728846482174900e+41
7.071284778943039578e-44 4.893900918477494088e+03 7.237992002783328331e+41
7.071284778943039578e-44 6.210169418915616006e+03 7.080934573267943298e+41
7.071284778943039578e-44 7.880462815669912743e+03 6.891426186521377945e+41
7.071284778943039578e-44 1.000000000000000000e+04 6.675767832794609211e+41
8.572556731909377316e-44 1.000000000000000000e+01 6.362459779493617026e+41
8.572556731909377316e-44 1.268961003167922108e+01 6.393160160263314950e+41
8.572556731909377316e-44 1.610262027560939302e+01 6.409528628796574170e+41
8.572556731909377316e-44 2.043359717856941771e+01 6.409844591080364042e+41
8.572556731909377316e-44 2.592943797404667094e+01 6.394811905647445277e+41
8.572556731909377316e-44 3.290344562312667875e+01 6.368564603141019854e+41
8.572556731909377316e-44 4.175318936560400118e+01 6.336784244776216277e+41
8.572556731909377316e-44 5.298316906283707084e+01 6.305810698534708320e+41
8.572556731909377316e-44 6.723357536499334230e+01 6.282745538803560259e+41
8.572556731909377316e-44 8.531678524172805567e+01 6.272708198632247693e+41
8.572556731909377316e-44 1.082636733874054045e+02 6.275833551543799050e+41
8.572556731909377316e-44 1.373823795883263870e+02 6.287439927550980506e+41
8.572556731909377316e-44 1.743328822199987371e+02 6.300274910271522872e+41
8.572556731909377316e-44 2.212216291070450325e+02 6.308725586445838599e+41
8.572556731909377316e-44 2.807216203941175650e+02 6.311855770803493976e+41
8.572556731909377316e-44 3.562247890262444230e+02 6.312336843375324944e+41
8.572556731909377316e-44 4.520353656360240393e+02 6.313688276145775009e+41
8.572556731909377316e-44 5.736152510448681596e+02 6.317385508901980044e+41
8.572556731909377316e-44 7.278953843983146044e+02 6.321204279550183914e+41
8.572556731909377316e-44 9.236708571873865594e+02 6.320194789897974362e+41
8.572556731909377316e-44 1.172102297533480623e+03 6.309416100745890359e+41
8.572556731909377316e-44 1.487352107293511835e+03 6.285971803562268344e+41
8.572556731909377316e-44 1.887391822135097755e+03 6.249571477728664483e+41
8.572556731909377316e-44 2.395026619987485901e+03 6.201537237095828500e+41
8.572556731909377316e-44 3.039195382313198024e+03 6.141744078231143204e+41
8.572556731909377316e-44 3.856620421163472201e+03 6.065604754035211341e+41
8.572556731909377316e-44 4.893900918477494088e+03 5.965691472290309817e+41
8.572556731909377316e-44 6.210169418915616006e+03 5.837451093887516012e+41
8.572556731909377316e-44 7.880462815669912743e+03 5.682015293678778987e+41
8.572556731909377316e-44 1.000000000000000000e+04 5.505257779826780479e+41
1.039255682936719572e-43 1.000000000000000000e+01 5.236624487408694119e+41
1.039255682936719572e-43 1.268961003167922108e+01 5.261061942166198580e+41
1.039255682936719572e-43 1.610262027560939302e+01 5.274063782058226637e+41
1.039255682936719572e-43 2.043359717856941771e+01 5.274314534567949782e+41
1.039255682936719572e-43 2.592943797404667094e+01 5.262374771631449790e+41
1.039255682936719572e-43 3.290344562312667875e+01 5.241489066812067264e+41
1.039255682936719572e-43 4.175318936560400118e+01 5.216137795125213505e+41
1.039255682936719572e-43 5.298316906283707084e+01 5.191368431182234318e+41
1.039255682936719572e-43 6.723357536499334230e+01 5.172887236246340792e+41
1.039255682936719572e-43 8.531678524172805567e+01 5.164835648760513345e+41
1.039255682936719572e-43 1.082636733874054045e+02 5.167343268951046651e+41
1.039255682936719572e-43 1.373823795883263870e+02 5.176651563386251445e+41
1.039255682936719572e-43 1.743328822199987371e+02 5.186936220995188705e+41
1.039255682936719572e-43 2.212216291070450325e+02 5.193701838769295657e+41
1.039255682936719572e-43 2.807216203941175650e+02 5.196207044415818513e+41
1.039255682936719572e-43 3.562247890262444230e+02 5.196592014329982291e+41
1.039255682936719572e-43 4.520353656360240393e+02 5.197673402071762924e+41
1.039255682936719572e-43 5.736152510448681596e+02 5.200631298258426499e+41
1.039255682936719572e-43 7.278953843983146044e+02 5.203685570210420875e+41
1.039255682936719572e-43 9.236708571873865594e+02 5.202878263356466981e+41
1.039255682936719572e-43 1.172102297533480623e+03 5.194254532737678108e+41
1.039255682936719572e-43 1.487352107293511835e+03 5.175474076932746007e+41
1.039255682936719572e-43 1.887391822135097755e+03 5.146255643099138169e+41
1.039255682936719572e-43 2.395026619987485901e+03 5.107598505006145326e+41
1.039255682936719572e-43 3.039195382313198024e+03 5.059336980097332061e+41
1.039255682936719572e-43 3.856620421163472201e+03 4.997686836034045040e+41
1.039255682936719572e-43 4.893900918477494088e+03 4.916510119204641417e+41
1.039255682936719572e-43 6.210169418915616006e+03 4.811952977964116829e+41
1.039255682936719572e-43 7.880462815669912743e+03 4.684806823643256686e+41
1.039255682936719572e-43 1.000000000000000000e+04 4.539822778524853390e+41
1.259895277795036244e-43 1.000000000000000000e+01 4.308754226995771594e+41
1.259895277795036244e-43 1.268961003167922108e+01 4.328092877440004674e+41
1.259895277795036244e-43 1.610262027560939302e+01 4.338356002181752233e+41
1.259895277795036244e-43 2.043359717856941771e+01 4.338553724401524490e+41
1.259895277795036244e-43 2.592943797404667094e+01 4.329129938316751138e+41
1.259895277795036244e-43 3.290344562312667875e+01 4.312608694366543157e+41
1.259895277795036244e-43 4.175318936560400118e+01 4.292495656482454484e+41
1.259895277795036244e-43 5.298316906283707084e+01 4.272785961239884276e+41
1.259895277795036244e-43 6.723357536499334230e+01 4.258045831700334406e+41
1.259895277795036244e-43 8.531678524172805567e+01 4.251615537892321568e+41
1.259895277795036244e-43 1.082636733874054045e+02 4.253618758918246488e+41
1.259895277795036244e-43 1.373823795883263870e+02 4.261050903719630951e+41
1.259895277795036244e-43 1.743328822199987371e+02 4.269254153546300166e+41
1.259895277795036244e-43 2.212216291070450325e+02 4.274644975292242160e+41
1.259895277795036244e-43 2.807216203941175650e+02 4.276640341420794925e+41
1.259895277795036244e-43 3.562247890262444230e+02 4.276946917419597826e+41
1.259895277795036244e-43 4.520353656360240393e+02 4.277808026576163724e+41
1.259895277795036244e-43 5.736152510448681596e+02 4.280162879894106360e+41
1.259895277795036244e-43 7.278953843983146044e+02 4.282593650515536202e+41
1.259895277795036244e-43 9.236708571873865594e+02 4.281951231001785311e+41
1.259895277795036244e-43 1.172102297533480623e+03 4.275085235710316905e+41
1.259895277795036244e-43 1.487352107293511835e+03 4.260110692772495989e+41
1.259895277795036244e-43 1.887391822135097755e+03 4.236757452055135593e+41
1.259895277795036244e-43 2.395026619987485901e+03 4.205765663031512729e+41
1.259895277795036244e-43 3.039195382313198024e+03 4.166940996915488330e+41
1.259895277795036244e-43 3.856620421163472201e+03 4.117161981495616730e+41
1.259895277795036244e-43 4.893900918477494088e+03 4.051355757083997981e+41
1.259895277795036244e-43 6.210169418915616006e+03 3.966252196197865588e+41
1.259895277795036244e-43 7.880462815669912743e+03 3.862371257537718261e+41
1.259895277795036244e-43 1.000000000000000000e+04 3.743543529024404584e+41
1.527377850390700035e-43 1.000000000000000000e+01 3.544134338573043184e+41
1.527377850390700035e-43 1.268961003167922108e+01 3.559330735022977932e+41
1.527377850390700035e-43 1.610262027560939302e+01 3.567370987376119204e+41
1.527377850390700035e-43 2.043359717856941771e+01 3.567525684105828590e+41
1.527377850390700035e-43 2.592943797404667094e+01 3.560143907304397764e+41
1.527377850390700035e-43 3.290344562312667875e+01 3.547167812102354198e+41
1.527377850390700035e-43 4.175318936560400118e+01 3.531314282300234804e+41
1.527377850390700035e-43 5.298316906283707084e+01 3.515723378065676223e+41
1.527377850390700035e-43 6.723357536499334230e+01 3.504031248365065870e+41
1.527377850390700035e-43 8.531678524172805567e+01 3.498922541015037382e+41
1.527377850390700035e-43 1.082636733874054045e+02 3.500514563160704074e+41
1.527377850390700035e-43 1.373823795883263870e+02 3.506417520039822200e+41
1.527377850390700035e-43 1.743328822199987371e+02 3.512924926511355438e+41
1.527377850390700035e-43 2.212216291070450325e+02 3.517196041296580838e+41
1.527377850390700035e-43 2.807216203941175650e+02 3.518776228893771997e+41
1.527377850390700035e-43 3.562247890262444230e+02 3.519018969916949651e+41
1.527377850390700035e-43 4.520353656360240393e+02 3.519700714840268932e+41
1.527377850390700035e-43 5.736152510448681596e+02 3.521564573945357670e+41
1.527377850390700035e-43 7.278953843983146044e+02 3.523487755531273597e+41
1.527377850390700035e-43 9.236708571873865594e+02 3.522979563532680772e+41
1.527377850390700035e-43 1.172102297533480623e+03 3.517544739940045610e+41
1.527377850390700035e-43 1.487352107293511835e+03 3.505670704071166941e+41
1.527377850390700035e-43 1.887391822135097755e+03 3.487099816376990635e+41
1.527377850390700035e-43 2.395026619987485901e+03 3.462365272301239894e+41
1.527377850390700035e-43 3.039195382313198024e+03 3.431253760982438828e+41
1.527377850390700035e-43 3.856620421163472201e+03 3.391190871256354443e+41
1.527377850390700035e-43 4.893900918477494088e+03 3.337983405477467741e+41
1.527377850390700035e-43 6.210169418915616006e+03 3.268849255743035400e+41
1.527377850390700035e-43 7.880462815669912743e+03 3.184093148827282099e+41
1.527377850390700035e-43 1.000000000000000000e+04 3.086651191482924540e+41
1.851648417912169329e-43 1.000000000000000000e+01 2.914132441651045409e+41
1.851648417912169329e-43 1.268961003167922108e+01 2.925972122487934087e+41
1.851648417912169329e-43 1.610262027560939302e+01 2.932213017245179548e+41
1.851648417912169329e-43 2.043359717856941771e+01 2.932332901731069724e+41
1.851648417912169329e-43 2.592943797404667094e+01 2.926604003617761912e+41
1.851648417912169329e-43 3.290344562312667875e+01 2.916500248554624403e+41
1.851648417912169329e-43 4.175318936560400118e+01 2.904102274306108944e+41
1.851648417912169329e-43 5.298316906283707084e+01 2.891857070150802771e+41
1.851648417912169329e-43 6.723357536499334230e+01 2.882643336956873329e+41
1.851648417912169329e-43 8.531678524172805567e+01 2.878609865494244876e+41
1.851648417912169329e-43 1.082636733874054045e+02 2.879867298761626299e+41
1.851648417912169329e-43 1.373823795883263870e+02 2.884526252919675967e+41
1.851648417912169329e-43 1.743328822199987371e+02 2.889654698064447793e+41
1.851648417912169329e-43 2.212216291070450325e+02 2.893015733431254256e+41
1.851648417912169329e-43 2.807216203941175650e+02 2.894258530044803195e+41
1.851648417912169329e-43 3.562247890262444230e+02 2.894449399696071332e+41
1.851648417912169329e-43 4.520353656360240393e+02 2.894985400910720179e+41
1.851648417912169329e-43 5.736152510448681596e+02 2.896450337443104874e+41
1.851648417912169329e-43 7.278953843983146044e+02 2.897961173261843413e+41
1.851648417912169329e-43 9.236708571873865594e+02 2.897562016417056757e+41
1.851648417912169329e-43 1.172102297533480623e+03 2.893290021836579490e+41
1.851648417912169329e-43 1.487352107293511835e+03 2.883936764312718438e+41
1.851648417912169329e-43 1.887391822135097755e+03 2.869258096874413379e+41
1.851648417912169329e-43 2.395026619987485901e+03 2.849622928791624794e+41
1.851648417912169329e-43 3.039195382313198024e+03 2.824806692316348685e+41
1.851648417912169329e-43 3.856620421163472201e+03 2.792686593654793430e+41
1.851648417912169329e-43 4.893900918477494088e+03 2.749796096757421701e+41
1.851648417912169329e-43 6.210169418915616006e+03 2.693761815499508887e+41
1.851648417912169329e-43 7.880462815669912743e+03 2.624719117003599511e+41
1.851648417912169329e-43 1.000000000000000000e+04 2.545011726918797756e+41
2.244763378413205403e-43 1.000000000000000000e+01 2.395133058618857103e+41
2.244763378413205403e-43 1.268961003167922108e+01 2.404260686274100852e+41
2.244763378413205403e-43 1.610262027560939302e+01 2.409049683478295324e+41
2.244763378413205403e-43 2.043359717856941771e+01 2.409141493207325998e+41
2.244763378413205403e-43 2.592943797404667094e+01 2.404746227156200302e+41
2.244763378413205403e-43 3.290344562312667875e+01 2.396962689242484732e+41
2.244763378413205403e-43 4.175318936560400118e+01 2.387360298833386106e+41
2.244763378413205403e-43 5.298316906283707084e+01 2.377825937051610841e+41
2.244763378413205403e-43 6.723357536499334230e+01 2.370622717903349928e+41
2.244763378413205403e-43 8.531678524172805567e+01 2.367462093760687252e+41
2.244763378413205403e-43 1.082636733874054045e+02 2.368447878878800675e+41
2.244763378413205403e-43 1.373823795883263870e+02 2.372097116423903232e+41
2.244763378413205403e-43 1.743328822199987371e+02 2.376106894576322600e+41
2.244763378413205403e-43 2.212216291070450325e+02 2.378730023010034266e+41
2.244763378413205403e-43 2.807216203941175650e+02 2.379699314523784149e+41
2.244763378413205403e-43 3.562247890262444230e+02 2.379848138172154206e+41
2.244763378413205403e-43 4.520353656360240393e+02 2.380266007004694139e+41
2.244763378413205403e-43 5.736152510448681596e+02 2.381407634126859048e+41
2.244763378413205403e-43 7.278953843983146044e+02 2.382584338958578738e+41
2.244763378413205403e-43 9.236708571873865594e+02 2.382273529346425070e+41
2.244763378413205403e-43 1.172102297533480623e+03 2.378943987681390455e+41
2.244763378413205403e-43 1.487352107293511835e+03 2.371635324824022194e+41
2.244763378413205403e-43 1.887391822135097755e+03 2.360117524653626593e+41
2.244763378413205403e-43 2.395026619987485901e+03 2.344630058641382724e+41
2.244763378413205403e-43 3.039195382313198024e+03 2.324943241267366606e+41
2.244763378413205403e-43 3.856620421163472201e+03 2.299307160473770663e+41
2.244763378413205403e-43 4.893900918477494088e+03 2.264855696090597395e+41
2.244763378413205403e-43 6.210169418915616006e+03 2.219558443592255998e+41
2.244763378413205403e-43 7.880462815669912743e+03 2.163418781469042195e+41
2.244763378413205403e-43 1.000000000000000000e+04 2.098296239520574582e+41
2.721338768375330967e-43 1.000000000000000000e+01 1.967658820504285003e+41
2.721338768375330967e-43 1.268961003167922108e+01 1.974603019518433446e+41
2.721338768375330967e-43 1.610262027560939302e+01 1.978224936129620774e+41
2.721338768375330967e-43 2.043359717856941771e+01 1.978294193087567872e+41
2.721338768375330967e-43 2.592943797404667094e+01 1.974970872864508447e+41
2.721338768375330967e-43 3.290344562312667875e+01 1.969054835825503055e+41
2.721338768375330967e-43 4.175318936560400118e+01 1.961706657914825315e+41
2.721338768375330967e-43 5.298316906283707084e+01 1.954362153116401092e+41
2.721338768375330967e-43 6.723357536499334230e+01 1.948785364161355079e+41
2.721338768375330967e-43 8.531678524172805567e+01 1.946331416163799814e+41
2.721338768375330967e-43 1.082636733874054045e+02 1.947097232579078951e+41
2.721338768375330967e-43 1.373823795883263870e+02 1.949929107427788164e+41
2.721338768375330967e-43 1.743328822199987371e+02 1.953033895386709917e+41
2.721338768375330967e-43 2.212216291070450325e+02 1.955060434228243292e+41
2.721338768375330967e-43 2.807216203941175650e+02 1.955808654540872347e+41
2.721338768375330967e-43 3.562247890262444230e+02 1.955923496114980433e+41
2.721338768375330967e-43 4.520353656360240393e+02 1.956245893627667910e+41
2.721338768375330967e-43 5.736152510448681596e+02 1.957126266378808177e+41
2.721338768375330967e-43 7.278953843983146044e+02 1.958033027413381913e+41
2.721338768375330967e-43 9.236708571873865594e+02 1.957793587734105408e+41
2.721338768375330967e-43 1.172102297533480623e+03 1.955225636736206714e+41
2.721338768375330967e-43 1.487352107293511835e+03 1.949570685715635725e+41
2.721338768375330967e-43 1.887391822135097755e+03 1.940613210463837115e+41
2.721338768375330967e-43 2.395026619987485901e+03 1.928491659423340766e+41
2.721338768375330967e-43 3.039195382313198024e+03 1.912976071824376574e+41
2.721338768375330967e-43 3.856620421163472201e+03 1.892624463315672652e+41
2.721338768375330967e-43 4.893900918477494088e+03 1.865066955572631964e+41
2.721338768375330967e-43 6.210169418915616006e+03 1.828561591200781716e+41
2.721338768375330967e-43 7.880462815669912743e+03 1.783010151634171186e+41
2.721338768375330967e-43 1.000000000000000000e+04 1.729876929698502101e+41
3.299093687770915415e-43 1.000000000000000000e+01 1.615645579126296352e+41
3.299093687770915415e-43 1.268961003167922108e+01 1.620839404815374653e+41
3.299093687770915415e-43 1.610262027560939302e+01 1.623527466421998658e+41
3.299093687770915415e-43 2.043359717856941771e+01 1.623578691550876402e+41
3.299093687770915415e-43 2.592943797404667094e+01 1.621113036252624097e+41
3.299093687770915415e-43 3.290344562312667875e+01 1.616693655072857906e+41
3.299093687770915415e-43 4.175318936560400118e+01 1.611156001789212804e+41
3.299093687770915415e-43 5.298316906283707084e+01 1.605574162763659859e+41
3.299093687770915415e-43 6.723357536499334230e+01 1.601308746450890881e+41
3.299093687770915415e-43 8.531678524172805567e+01 1.599425137152515024e+41
3.299093687770915415e-43 1.082636733874054045e+02 1.600013387881215567e+41
3.299093687770915415e-43 1.373823795883263870e+02 1.602185712871916394e+41
3.299093687770915415e-43 1.743328822199987371e+02 1.604560787748987567e+41
3.299093687770915415e-43 2.212216291070450325e+02 1.606106638999279664e+41
3.299093687770915415e-43 2.807216203941175650e+02 1.606676789085788378e+41
3.299093687770915415e-43 3.562247890262444230e+02 1.606764261632085178e+41
3.299093687770915415e-43 4.520353656360240393e+02 1.607009771406442300e+41
3.299093687770915415e-43 5.736152510448681596e+02 1.607679777190088144e+41
3.299093687770915415e-43 7.278953843983146044e+02 1.608369227362503155e+41
3.299093687770915415e-43 9.236708571873865594e+02 1.608187236675846981e+41
3.299093687770915415e-43 1.172102297533480623e+03 1.606232561138991470e+41
3.299093687770915415e-43 1.487352107293511835e+03 1.601910702425281323e+41
3.299093687770915415e-43 1.887391822135097755e+03 1.595020765745767279e+41
3.299093687770915415e-43 2.395026619987485901e+03 1.585623298585295026e+41
3.299093687770915415e-43 3.039195382313198024e+03 1.573491848049908720e+41
3.299093687770915415e-43 3.856620421163472201e+03 1.557438770782066611e+41
3.299093687770915415e-43 4.893900918477494088e+03 1.535504464499642330e+41
3.299093687770915415e-43 6.210169418915616006e+03 1.506190148442624432e+41
3.299093687770915415e-43 7.880462815669912743e+03 1.469320672639644176e+41
3.299093687770915415e-43 1.000000000000000000e+04 1.426038213548000473e+41
3.999509097203636730e-43 1.000000000000000000e+01 1.325844472574610627e+41
3.999509097203636730e-43 1.268961003167922108e+01 1.329642276399851383e+41
3.999509097203636730e-43 1.610262027560939302e+01 1.331587222842214941e+41
3.999509097203636730e-43 2.043359717856941771e+01 1.331624112729933826e+41
3.999509097203636730e-43 2.592943797404667094e+01 1.329840879940322671e+41
3.999509097203636730e-43 3.290344562312667875e+01 1.326614732487599140e+41
3.999509097203636730e-43 4.175318936560400118e+01 1.322524363612630014e+41
3.999509097203636730e-43 5.298316906283707084e+01 1.318355247349856724e+41
3.999509097203636730e-43 6.723357536499334230e+01 1.315142998077253877e+41
3.999509097203636730e-43 8.531678524172805567e+01 1.313717962566314126e+41
3.999509097203636730e-43 1.082636733874054045e+02 1.314163410054230895e+41
3.999509097203636730e-43 1.373823795883263870e+02 1.315805548400904441e+41
3.999509097203636730e-43 1.743328822199987371e+02 1.317594560234754226e+41
3.999509097203636730e-43 2.212216291070450325e+02 1.318754693558208299e+41
3.999509097203636730e-43 2.807216203941175650e+02 1.319182005381810476e+41
3.999509097203636730e-43 3.562247890262444230e+02 1.319247526994929044e+41
3.999509097203636730e-43 4.520353656360240393e+02 1.319431374389318514e+41
3.999509097203636730e-43 5.736152510448681596e+02 1.319932702952727966e+41
3.999509097203636730e-43 7.278953843983146044e+02 1.320447959177421019e+41
3.999509097203636730e-43 9.236708571873865594e+02 1.320312013738117785e+41
3.999509097203636730e-43 1.172102297533480623e+03 1.318849104206327440e+41
3.999509097203636730e-43 1.487352107293511835e+03 1.315597588722952956e+41
3.999509097203636730e-43 1.887391822135097755e+03 1.310371159003619206e+41
3.999509097203636730e-43 2.395026619987485901e+03 1.303171229871938058e+41
3.999509097203636730e-43 3.039195382313198024e+03 1.293777774132885946e+41
3.999509097203636730e-43 3.856620421163472201e+03 1.281213278165286591e+41
3.999509097203636730e-43 4.893900918477494088e+03 1.263857470719464109e+41
3.999509097203636730e-43 6.210169418915616006e+03 1.240417137731743203e+41
3.999509097203636730e-43 7.880462815669912743e+03 1.210660169825798264e+41
3.999509097203636730e-43 1.000000000000000000e+04 1.175466703621700048e+41
4.848626481239048200e-43 1.000000000000000000e+01 1.087328711428665462e+41
4.848626481239048200e-43 1.268961003167922108e+01 1.090020035230108070e+41
4.848626481239048200e-43 1.610262027560939302e+01 1.091377621669639292e+41
4.848626481239048200e-43 2.043359717856941771e+01 1.091403194100624193e+41
4.848626481239048200e-43 2.592943797404667094e+01 1.090159287432132106e+41
4.848626481239048200e-43 3.290344562312667875e+01 1.087878471538621384e+41
4.848626481239048200e-43 4.175318936560400118e+01 1.084938394164584895e+41
4.848626481239048200e-43 5.298316906283707084e+01 1.081895672729506179e+41
4.848626481239048200e-43 6.723357536499334230e+01 1.079525205034374531e+41
4.848626481239048200e-43 8.531678524172805567e+01 1.078467215464570419e+41
4.848626481239048200e-43 1.082636733874054045e+02 1.078798329623129354e+41
4.848626481239048200e-43 1.373823795883263870e+02 1.080016214514811215e+41
4.848626481239048200e-43 1.743328822199987371e+02 1.081336766993883800e+41
4.848626481239048200e-43 2.212216291070450325e+02 1.082188913657365148e+41
4.848626481239048200e-43 2.807216203941175650e+02 1.082502221194898405e+41
4.848626481239048200e-43 3.562247890262444230e+02 1.082550225897426819e+41
4.848626481239048200e-43 4.520353656360240393e+02 1.082684870694867814e+41
4.848626481239048200e-43 5.736152510448681596e+02 1.083051637324810499e+41
4.848626481239048200e-43 7.278953843983146044e+02 1.083427979915186628e+41
4.848626481239048200e-43 9.236708571873865594e+02 1.083328748925793175e+41
4.848626481239048200e-43 1.172102297533480623e+03 1.082258171054559098e+41
4.848626481239048200e-43 1.487352107293511835e+03 1.079861908418205817e+41
4.848626481239048200e-43 1.887391822135097755e+03 1.075968050456658879e+41
4.848626481239048200e-43 2.395026619987485901e+03 1.070534066289769657e+41
4.848626481239048200e-43 3.039195382313198024e+03 1.063348565530287375e+41
4.848626481239048200e-43 3.856620421163472201e+03 1.053607685050149159e+41
4.848626481239048200e-43 4.893900918477494088e+03 1.039971930550521585e+41
4.848626481239048200e-43 6.210169418915616006e+03 1.021322380913199037e+41
4.848626481239048200e-43 7.880462815669912743e+03 9.973860955157549155e+40
4.848626481239048200e-43 1.000000000000000000e+04 9.688305079837740646e+40
5.878016072274875955e-43 1.000000000000000000e+01 8.910867469509858969e+40
5.878016072274875955e-43 1.268961003167922108e+01 8.929077677697101698e+40
5.878016072274875955e-43 1.610262027560939302e+01 8.938049430939134373e+40
5.878016072274875955e-43 2.043359717856941771e+01 8.938216569326483771e+40
5.878016072274875955e-43 2.592943797404667094e+01 8.930004489258134088e+40
5.878016072274875955e-43 3.290344562312667875e+01 8.914627779164989577e+40
5.878016072274875955e-43 4.175318936560400118e+01 8.894305487914509917e+40
5.878016072274875955e-43 5.298316906283707084e+01 8.872802780226273617e+40
5.878016072274875955e-43 6.723357536499334230e+01 8.855787615502617179e+40
5.878016072274875955e-43 8.531678524172805567e+01 8.848129550685852255e+40
5.878016072274875955e-43 1.082636733874054045e+02 8.850530239566838204e+40
5.878016072274875955e-43 1.373823795883263870e+02 8.859332942627574668e+40
5.878016072274875955e-43 1.743328822199987371e+02 8.868815425923193212e+40
5.878016072274875955e-43 2.212216291070450325e+02 8.874892387441045703e+40
5.878016072274875955e-43 2.807216203941175650e+02 8.877121075019678982e+40
5.878016072274875955e-43 3.562247890262444230e+02 8.877462189764516539e+40
5.878016072274875955e-43 4.520353656360240393e+02 8.878418436323687064e+40
5.878016072274875955e-43 5.736152510448681596e+02 8.881019264028605358e+40
5.878016072274875955e-43 7.278953843983146044e+02 8.883681826240526652e+40
5.878016072274875955e-43 9.236708571873865594e+02 8.882980422530590443e+40
5.878016072274875955e-43 1.172102297533480623e+03 8.875385395306466215e+40
5.878016072274875955e-43 1.487352107293511835e+03 8.858216848374082700e+40
5.878016072274875955e-43 1.887391822135097755e+03 8.829896583151633664e+40
5.878016072274875955e-43 2.395026619987485901e+03 8.789682242640930838e+40
5.878016072274875955e-43 3.039195382313198024e+03 8.735562628692981154e+40
5.878016072274875955e-43 3.856620421163472201e+03 8.660934582132506130e+40
5.878016072274875955e-43 4.893900918477494088e+03 8.554727598041910208e+40
5.878016072274875955e-43 6.210169418915616006e+03 8.407235076553910252e+40
5.878016072274875955e-43 7.880462815669912743e+03 8.215449135103306395e+40
5.878016072274875955e-43 1.000000000000000000e+04 7.984322055791616327e+40
7.125950633568367196e-43 1.000000000000000000e+01 7.296866944129623096e+40
7.125950633568367196e-43 1.268961003167922108e+01 7.308296505649583789e+40
7.125950633568367196e-43 1.610262027560939302e+01 7.313696458356149495e+40
7.125950633568367196e-43 2.043359717856941771e+01 7.313794997599041596e+40
7.125950633568367196e-43 2.592943797404667094e+01 7.308861563064503359e+40
7.125950633568367196e-43 3.290344562312667875e+01 7.299270839822162103e+40
7.125950633568367196e-43 4.175318936560400118e+01 7.286051747850301577e+40
7.125950633568367196e-43 5.298316906283707084e+01 7.271565430614290894e+40
7.125950633568367196e-43 6.723357536499334230e+01 7.259828942152525306e+40
7.125950633568367196e-43 8.531678524172805567e+01 7.254481303326974826e+40
7.125950633568367196e-43 1.082636733874054045e+02 7.256161751308655839e+40
7.125950633568367196e-43 1.373823795883263870e+02 7.262295823180104017e+40
7.125950633568367196e-43 1.743328822199987371e+02 7.268840207361107493e+40
7.125950633568367196e-43 2.212216291070450325e+02 7.272991142452488017e+40
7.125950633568367196e-43 2.807216203941175650e+02 7.274507716655227301e+40
7.125950633568367196e-43 3.562247890262444230e+02 7.274739463605640396e+40
7.125950633568367196e-43 4.520353656360240393e+02 7.275388581803310410e+40
7.125950633568367196e-43 5.736152510448681596e+02 7.277149994581772740e+40
7.125950633568367196e-43 7.278953843983146044e+02 7.278946831649187830e+40
7.125950633568367196e-43 9.236708571873865594e+02 7.278474150870617315e+40
7.125950633568367196e-43 1.172102297533480623e+03 7.273326985974755521e+40
7.125950633568367196e-43 1.487352107293511835e+03 7.261517220659443618e+40
7.125950633568367196e-43 1.887391822135097755e+03 7.241603531479823462e+40
7.125950633568367196e-43 2.395026619987485901e+03 7.212624684600279462e+40
7.125950633568367196e-43 3.039195382313198024e+03 7.172683805542437632e+40
7.125950633568367196e-43 3.856620421163472201e+03 7.116364744024823145e+40
7.125950633568367196e-43 4.893900918477494088e+03 7.034522404183231547e+40
7.125950633568367196e-43 6.210169418915616006e+03 6.918715853710671181e+40
7.125950633568367196e-43 7.880462815669912743e+03 6.765762875321229952e+40
7.125950633568367196e-43 1.000000000000000000e+04 6.579225952606808402e+40
8.638828442740401310e-43 1.000000000000000000e+01 5.969995341257768451e+40
8.638828442740401310e-43 1.268961003167922108e+01 5.976204880903562220e+40
8.638828442740401310e-43 1.610262027560939302e+01 5.978870071756912245e+40
8.638828442740401310e-43 2.043359717856941771e+01 5.978916209894079420e+40
8.638828442740401310e-43 2.592943797404667094e+01 5.976492507208770803e+40
8.638828442740401310e-43 3.290344562312667875e+01 5.971352211453466913e+40
8.638828442740401310e-43 4.175318936560400118e+01 5.963630836489449906e+40
8.638828442740401310e-43 5.298316906283707084e+01 5.954607925809378405e+40
8.638828442740401310e-43 6.723357536499334230e+01 5.947000669047209302e+40
8.638828442740401310e-43 8.531678524172805567e+01 5.943465037518444339e+40
8.638828442740401310e-43 1.082636733874054045e+02 5.944580324012728873e+40
8.638828442740401310e-43 1.373823795883263870e+02 5.948622466793519030e+40
8.638828442740401310e-43 1.743328822199987371e+02 5.952868280041221150e+40
8.638828442740401310e-43 2.212216291070450325e+02 5.955515431397313200e+40
8.638828442740401310e-43 2.807216203941175650e+02 5.956476448948567570e+40
8.638828442740401310e-43 3.562247890262444230e+02 5.956622898888284253e+40
8.638828442740401310e-43 4.520353656360240393e+02 5.957032522648668843e+40
8.638828442740401310e-43 5.736152510448681596e+02 5.958139659160440619e+40
8.638828442740401310e-43 7.278953843983146044e+02 5.959262161591695409e+40
8.638828442740401310e-43 9.236708571873865594e+02 5.958967592736076855e+40
8.638828442740401310e-43 1.172102297533480623e+03 5.955728637234853903e+40
8.638828442740401310e-43 1.487352107293511835e+03 5.948108426255346791e+40
8.638828442740401310e-43 1.887391822135097755e+03 5.934797695010502289e+40
8.638828442740401310e-43 2.395026619987485901e+03 5.914694560950183174e+40
8.638828442740401310e-43 3.039195382313198024e+03 5.886024228729860156e+40
8.638828442740401310e-43 3.856620421163472201e+03 5.844352428961010712e+40
8.638828442740401310e-43 4.893900918477494088e+03 5.782129969668345789e+40
8.638828442740401310e-43 6.210169418915616006e+03 5.692000536220927502e+40
8.638828442740401310e-43 7.880462815669912743e+03 5.570690749394562753e+40
8.638828442740401310e-43 1.000000000000000000e+04 5.420645754009387351e+40
1.047289838236353224e-42 1.000000000000000000e+01 4.879707981398434470e+40
1.047289838236353224e-42 1.268961003167922108e+01 4.881960298683070255e+40
1.047289838236353224e-42 1.610262027560939302e+01 4.882567009253822936e+40
1.047289838236353224e-42 2.043359717856941771e+01 4.882573825307131775e+40
1.047289838236353224e-42 2.592943797404667094e+01 4.882038653740160818e+40
1.047289838236353224e-42 3.290344562312667875e+01 4.880268358969653095e+40
1.047289838236353224e-42 4.175318936560400118e+01 4.876743672566435087e+40
1.047289838236353224e-42 5.298316906283707084e+01 4.871923568661791890e+40
1.047289838236353224e-42 6.723357536499334230e+01 4.867511308595035033e+40
1.047289838236353224e-42 8.531678524172805567e+01 4.865382290611230313e+40
1.047289838236353224e-42 1.082636733874054045e+02 4.866058569417033367e+40
1.047289838236353224e-42 1.373823795883263870e+02 4.868477783180833367e+40
1.047289838236353224e-42 1.743328822199987371e+02 4.870944830700278437e+40
1.047289838236353224e-42 2.212216291070450325e+02 4.872431208557434973e+40
1.047289838236353224e-42 2.807216203941175650e+02 4.872963819260814287e+40
1.047289838236353224e-42 3.562247890262444230e+02 4.873044519929681717e+40
1.047289838236353224e-42 4.520353656360240393e+02 4.873269571927371842e+40
1.047289838236353224e-42 5.736152510448681596e+02 4.873872757049440953e+40
1.047289838236353224e-42 7.278953843983146044e+02 4.874476297121456840e+40
1.047289838236353224e-42 9.236708571873865594e+02 4.874318756723661255e+40
1.047289838236353224e-42 1.172102297533480623e+03 4.872549819670754448e+40
1.047289838236353224e-42 1.487352107293511835e+03 4.868168997313453254e+40
1.047289838236353224e-42 1.887391822135097755e+03 4.859993625800536323e+40
1.047289838236353224e-42 2.395026619987485901e+03 4.846842989785019878e+40
1.047289838236353224e-42 3.039195382313198024e+03 4.827068962986075011e+40
1.047289838236353224e-42 3.856620421163472201e+03 4.797049743263221859e+40
1.047289838236353224e-42 4.893900918477494088e+03 4.750559863117843150e+40
1.047289838236353224e-42 6.210169418915616006e+03 4.681176278821408313e+40
1.047289838236353224e-42 7.880462815669912743e+03 4.585600531840753540e+40
1.047289838236353224e-42 1.000000000000000000e+04 4.465383748901138906e+40
1.269635127659967665e-42 1.000000000000000000e+01 3.984322531752605650e+40
1.269635127659967665e-42 1.268961003167922108e+01 3.983635262826205909e+40
1.269635127659967665e-42 1.610262027560939302e+01 3.982727451168446750e+40
1.269635127659967665e-42 2.043359717856941771e+01 3.982705456893763440e+40
1.269635127659967665e-42 2.592943797404667094e+01 3.983559201887539304e+40
1.269635127659967665e-42 3.290344562312667875e+01 3.984288499591494530e+40
1.269635127659967665e-42 4.175318936560400118e+01 3.983910105818010465e+40
1.269635127659967665e-42 5.298316906283707084e+01 3.982272916205950036e+40
1.269635127659967665e-42 6.723357536499334230e+01 3.980298595179436245e+40
1.269635127659967665e-42 8.531678524172805567e+01 3.979247383322463646e+40
1.269635127659967665e-42 1.082636733874054045e+02 3.979586994069152890e+40
1.269635127659967665e-42 1.373823795883263870e+02 3.980763609057428871e+40
1.269635127659967665e-42 1.743328822199987371e+02 3.981873130607537452e+40
1.269635127659967665e-42 2.212216291070450325e+02 3.982476515749299830e+40
1.269635127659967665e-42 2.807216203941175650e+02 3.982683659682628195e+40
1.269635127659967665e-42 3.562247890262444230e+02 3.982714435157403685e+40
1.269635127659967665e-42 4.520353656360240393e+02 3.982799373351989206e+40
1.269635127659967665e-42 5.736152510448681596e+02 3.983020271098122837e+40
1.269635127659967665e-42 7.278953843983146044e+02 3.983230568767719691e+40
1.269635127659967665e-42 9.236708571873865594e+02 3.983176816981683060e+40
1.269635127659967665e-42 1.172102297533480623e+03 3.982523237282958022e+40
1.269635127659967665e-42 1.487352107293511835e+03 3.980611985939366056e+40
1.269635127659967665e-42 1.887391822135097755e+03 3.976381019180516347e+40
1.269635127659967665e-42 2.395026619987485901e+03 3.968619097622989510e+40
1.269635127659967665e-42 3.039195382313198024e+03 3.955806755466239806e+40
1.269635127659967665e-42 3.856620421163472201e+03 3.934994669395463838e+40
1.269635127659967665e-42 4.893900918477494088e+03 3.901056173443223757e+40
1.269635127659967665e-42 6.210169418915616006e+03 3.848374723690878619e+40
1.269635127659967665e-42 7.880462815669912743e+03 3.773678953219902479e+40
1.269635127659967665e-42 1.000000000000000000e+04 3.677808937837952946e+40
1.539185522990199006e-42 1.000000000000000000e+01 3.249465771621562498e+40
1.539185522990199006e-42 1.268961003167922108e+01 3.246654782155364704e+40
1.539185522990199006e-42 1.610262027560939302e+01 3.244667517015221662e+40
1.539185522990199006e-42 2.043359717856941771e+01 3.244625111680821309e+40
1.539185522990199006e-42 2.592943797404667094e+01 3.246468211634961813e+40
1.539185522990199006e-42 3.290344562312667875e+01 3.248999535874594388e+40
1.539185522990199006e-42 4.175318936560400118e+01 3.250923331592483491e+40
1.539185522990199006e-42 5.298316906283707084e+01 3.251647305554636780e+40
1.539185522990199006e-42 6.723357536499334230e+01 3.251499719909933612e+40
1.539185522990199006e-42 8.531678524172805567e+01 3.251260554863695155e+40
1.539185522990199006e-42 1.082636733874054045e+02 3.251346232574088853e+40
1.539185522990199006e-42 1.373823795883263870e+02 3.251587583594689087e+40
1.539185522990199006e-42 1.743328822199987371e+02 3.251679678815375266e+40
1.539185522990199006e-42 2.212216291070450325e+02 3.251624155789174920e+40
1.539185522990199006e-42 2.807216203941175650e+02 3.251588843951601929e+40
1.539185522990199006e-42 3.562247890262444230e+02 3.251582453057773695e+40
1.539185522990199006e-42 4.520353656360240393e+02 3.251563121062598609e+40
1.539185522990199006e-42 5.736152510448681596e+02 3.251499802519304000e+40
1.539185522990199006e-42 7.278953843983146044e+02 3.251418168878501434e+40
1.539185522990199006e-42 9.236708571873865594e+02 3.251441422458252334e+40
1.539185522990199006e-42 1.172102297533480623e+03 3.251617298867824099e+40
1.539185522990199006e-42 1.487352107293511835e+03 3.251554264254264346e+40
1.539185522990199006e-42 1.887391822135097755e+03 3.250304490891921999e+40
1.539185522990199006e-42 2.395026619987485901e+03 3.246663409595407301e+40
1.539185522990199006e-42 3.039195382313198024e+03 3.239240070470652902e+40
1.539185522990199006e-42 3.856620421163472201e+03 3.225641876267923423e+40
1.539185522990199006e-42 4.893900918477494088e+03 3.201654983470124405e+40
1.539185522990199006e-42 6.210169418915616006e+03 3.162362902003174365e+40
1.539185522990199006e-42 7.880462815669912743e+03 3.104562214780912173e+40
1.539185522990199006e-42 1.000000000000000000e+04 3.028531800785230324e+40
1.865962923181738432e-42 1.000000000000000000e+01 2.646792530829715918e+40
1.865962923181738432e-42 1.268961003167922108e+01 2.642507692610053238e+40
1.865962923181738432e-42 1.610262027560939302e+01 2.639786481088989813e+40
1.865962923181738432e-42 2.043359717856941771e+01 2.639730326610505802e+40
1.865962923181738432e-42 2.592943797404667094e+01 2.642245512811483918e+40
1.865962923181738432e-42 3.290344562312667875e+01 2.646023488210944894e+40
1.865962923181738432e-42 4.175318936560400118e+01 2.649575117139509108e+40
1.865962923181738432e-42 5.298316906283707084e+01 2.652001572901165310e+40
1.865962923181738432e-42 6.723357536499334230e+01 2.653189568659414302e+40
1.865962923181738432e-42 8.531678524172805567e+01 2.653548587467741319e+40
1.865962923181738432e-42 1.082636733874054045e+02 2.653446930004672322e+40
1.865962923181738432e-42 1.373823795883263870e+02 2.653000268088330666e+40
1.865962923181738432e-42 1.743328822199987371e+02 2.652348251512177867e+40
1.865962923181738432e-42 2.212216291070450325e+02 2.651813710363956680e+40
1.865962923181738432e-42 2.807216203941175650e+02 2.651602551484123042e+40
1.865962923181738432e-42 3.562247890262444230e+02 2.651569230265761637e+40
1.865962923181738432e-42 4.520353656360240393e+02 2.651474381891650632e+40
1.865962923181738432e-42 5.736152510448681596e+02 2.651205500841839347e+40
1.865962923181738432e-42 7.278953843983146044e+02 2.650913158490377262e+40
1.865962923181738432e-42 9.236708571873865594e+02 2.650991947935696161e+40
1.865962923181738432e-42 1.172102297533480623e+03 2.651767969675058735e+40
1.865962923181738432e-42 1.487352107293511835e+03 2.653053993414610785e+40
1.865962923181738432e-42 1.887391822135097755e+03 2.654009667886714449e+40
1.865962923181738432e-42 2.395026619987485901e+03 2.653465147937021932e+40
1.865962923181738432e-42 3.039195382313198024e+03 2.650156098353496630e+40
1.865962923181738432e-42 3.856620421163472201e+03 2.642150849694588174e+40
1.865962923181738432e-42 4.893900918477494088e+03 2.625994483279775876e+40
1.865962923181738432e-42 6.210169418915616006e+03 2.597380915073633848e+40
1.865962923181738432e-42 7.880462815669912743e+03 2.553206342406794990e+40
1.865962923181738432e-42 1.000000000000000000e+04 2.493311152102367132e+40
2.262116930469016988e-42 1.000000000000000000e+01 2.152929152227481363e+40
2.262116930469016988e-42 1.268961003167922108e+01 2.147683866879579601e+40
2.262116930469016988e-42 1.610262027560939302e+01 2.144500611794992861e+40
2.262116930469016988e-42 2.043359717856941771e+01 2.144435942514085396e+40
2.262116930469016988e-42 2.592943797404667094e+01 2.147373575701886234e+40
2.262116930469016988e-42 3.290344562312667875e+01 2.151959720771038719e+40
2.262116930469016988e-42 4.175318936560400118e+01 2.156604428508620397e+40
2.262116930469016988e-42 5.298316906283707084e+01 2.160208836990183868e+40
2.262116930469016988e-42 6.723357536499334230e+01 2.162340042177623373e+40
2.262116930469016988e-42 8.531678524172805567e+01 2.163126088655108382e+40
2.262116930469016988e-42 1.082636733874054045e+02 2.162890413975824839e+40
2.262116930469016988e-42 1.373823795883263870e+02 2.161953546640360155e+40
2.262116930469016988e-42 1.743328822199987371e+02 2.160775778885505594e+40
2.262116930469016988e-42 2.212216291070450325e+02 2.159905747282151660e+40
2.262116930469016988e-42 2.807216203941175650e+02 2.159571855115649154e+40
2.262116930469016988e-42 3.562247890262444230e+02 2.159519764026725044e+40
2.262116930469016988e-42 4.520353656360240393e+02 2.159372320070463338e+40
2.262116930469016988e-42 5.736152510448681596e+02 2.158960555365348026e+40
2.262116930469016988e-42 7.278953843983146044e+02 2.158522200288333507e+40
2.262116930469016988e-42 9.236708571873865594e+02 2.158639427614901419e+40
2.262116930469016988e-42 1.172102297533480623e+03 2.159832842060486139e+40
2.262116930469016988e-42 1.487352107293511835e+03 2.162069311503069218e+40
2.262116930469016988e-42 1.887391822135097755e+03 2.164608965962208670e+40
2.262116930469016988e-42 2.395026619987485901e+03 2.166337230882639399e+40
2.262116930469016988e-42 3.039195382313198024e+03 2.166113041824751740e+40
2.262116930469016988e-42 3.856620421163472201e+03 2.162386283242944458e+40
2.262116930469016988e-42 4.893900918477494088e+03 2.152333480658746895e+40
2.262116930469016988e-42 6.210169418915616006e+03 2.132183177283772815e+40
2.262116930469016988e-42 7.880462815669912743e+03 2.098955377158713178e+40
2.262116930469016988e-42 1.000000000000000000e+04 2.052152437875021071e+40
2.742376573264940995e-42 1.000000000000000000e+01 1.748602170758236784e+40
2.742376573264940995e-42 1.268961003167922108e+01 1.742797764069750470e+40
2.742376573264940995e-42 1.610262027560939302e+01 1.739363957284736257e+40
2.742376573264940995e-42 2.043359717856941771e+01 1.739294836152922333e+40
2.742376573264940995e-42 2.592943797404667094e+01 1.742460782657919894e+40
2.742376573264940995e-42 3.290344562312667875e+01 1.747512606034104637e+40
2.742376573264940995e-42 4.175318936560400118e+01 1.752830347662950432e+40
2.742376573264940995e-42 5.298316906283707084e+01 1.757198470539224408e+40
2.742376573264940995e-42 6.723357536499334230e+01 1.759961753411163901e+40
2.742376573264940995e-42 8.531678524172805567e+01 1.761038800450546593e+40
2.742376573264940995e-42 1.082636733874054045e+02 1.760711502566174038e+40
2.742376573264940995e-42 1.373823795883263870e+02 1.759441568241630064e+40
2.742376573264940995e-42 1.743328822199987371e+02 1.757911214400267941e+40
2.742376573264940995e-42 2.212216291070450325e+02 1.756819318743970388e+40
2.742376573264940995e-42 2.807216203941175650e+02 1.756404710695296600e+40
2.742376573264940995e-42 3.562247890262444230e+02 1.756340303560075711e+40
2.742376573264940995e-42 4.520353656360240393e+02 1.756158388750618843e+40
2.742376573264940995e-42 5.736152510448681596e+02 1.755653284661422101e+40
2.742376573264940995e-42 7.278953843983146044e+02 1.755120025394816257e+40
2.742376573264940995e-42 9.236708571873865594e+02 1.755262186610541875e+40
2.742376573264940995e-42 1.172102297533480623e+03 1.756728521594767637e+40
2.742376573264940995e-42 1.487352107293511835e+03 1.759599511534509435e+40
2.742376573264940995e-42 1.887391822135097755e+03 1.763228592819870385e+40
2.742376573264940995e-42 2.395026619987485901e+03 1.766570856743702337e+40
2.742376573264940995e-42 3.039195382313198024e+03 1.768603986411069376e+40
2.742376573264940995e-42 3.856620421163472201e+03 1.768093561814699700e+40
2.742376573264940995e-42 4.893900918477494088e+03 1.762741814840335006e+40
2.742376573264940995e-42 6.210169418915616006e+03 1.749247571930006361e+40
2.742376573264940995e-42 7.880462815669912743e+03 1.724772755599387445e+40
2.742376573264940995e-42 1.000000000000000000e+04 1.688563948691655512e+40
3.324597932270931711e-42 1.000000000000000000e+01 1.417919780737894907e+40
3.324597932270931711e-42 1.268961003167922108e+01 1.411865691699853574e+40
3.324597932270931711e-42 1.610262027560939302e+01 1.408343341642718720e+40
3.324597932270931711e-42 2.043359717856941771e+01 1.408272872472298623e+40
3.324597932270931711e-42 2.592943797404667094e+01 1.411518462156352411e+40
3.324597932270931711e-42 3.290344562312667875e+01 1.416772160241601729e+40
3.324597932270931711e-42 4.175318936560400118e+01 1.422437015081729170e+40
3.324597932270931711e-42 5.298316906283707084e+01 1.427245188854724404e+40
3.324597932270931711e-42 6.723357536499334230e+01 1.430396173529441391e+40
3.324597932270931711e-42 8.531678524172805567e+01 1.431657068412258942e+40
3.324597932270931711e-42 1.082636733874054045e+02 1.431271561876530801e+40
3.324597932270931711e-42 1.373823795883263870e+02 1.429792272970277383e+40
3.324597932270931711e-42 1.743328822199987371e+02 1.428045360075285704e+40
3.324597932270931711e-42 2.212216291070450325e+02 1.426820661766948772e+40
3.324597932270931711e-42 2.807216203941175650e+02 1.426358240192509999e+40
3.324597932270931711e-42 3.562247890262444230e+02 1.426286568986734490e+40
3.324597932270931711e-42 4.520353656360240393e+02 1.426084368578020634e+40
3.324597932270931711e-42 5.736152510448681596e+02 1.425524681280723006e+40
3.324597932270931711e-42 7.278953843983146044e+02 1.424936467261184669e+40
3.324597932270931711e-42 9.236708571873865594e+02 1.425093009950027124e+40
3.324597932270931711e-42 1.172102297533480623e+03 1.426719235469835672e+40
3.324597932270931711e-42 1.487352107293511835e+03 1.429976761281791837e+40
3.324597932270931711e-42 1.887391822135097755e+03 1.434305049658713487e+40
3.324597932270931711e-42 2.395026619987485901e+03 1.438738232677587154e+40
3.324597932270931711e-42 3.039195382313198024e+03 1.442367263321220815e+40
3.324597932270931711e-42 3.856620421163472201e+03 1.444218680083496567e+40
3.324597932270931711e-42 4.893900918477494088e+03 1.442432571476971306e+40
3.324597932270931711e-42 6.210169418915616006e+03 1.434123114623873738e+40
3.324597932270931711e-42 7.880462815669912743e+03 1.416607300783364780e+40
3.324597932270931711e-42 1.000000000000000000e+04 1.388943292413628912e+40
4.030428030568042245e-42 1.000000000000000000e+01 1.147779336089597156e+40
4.030428030568042245e-42 1.268961003167922108e+01 1.141709858876886069e+40
4.030428030568042245e-42 1.610262027560939302e+01 1.138220560501264904e+40
4.030428030568042245e-42 2.043359717856941771e+01 1.138151064196802963e+40
4.030428030568042245e-42 2.592943797404667094e+01 1.141364755118754045e+40
4.030428030568042245e-42 3.290344562312667875e+01 1.146620861812208832e+40
4.030428030568042245e-42 4.175318936560400118e+01 1.152383978655262012e+40
4.030428030568042245e-42 5.298316906283707084e+01 1.157382797600907119e+40
4.030428030568042245e-42 6.723357536499334230e+01 1.160731886703306754e+40
4.030428030568042245e-42 8.531678524172805567e+01 1.162093181435777789e+40
4.030428030568042245e-42 1.082636733874054045e+02 1.161675508363746193e+40
4.030428030568042245e-42 1.373823795883263870e+02 1.160083138465372928e+40
4.030428030568042245e-42 1.743328822199987371e+02 1.158225218229723209e+40
4.030428030568042245e-42 2.212216291070450325e+02 1.156936627687299357e+40
4.030428030568042245e-42 2.807216203941175650e+02 1.156451819057233826e+40
4.030428030568042245e-42 3.562247890262444230e+02 1.156376786072523221e+40
4.030428030568042245e-42 4.520353656360240393e+02 1.156165254576109452e+40
4.030428030568042245e-42 5.736152510448681596e+02 1.155580893754609646e+40
4.030428030568042245e-42 7.278953843983146044e+02 1.154968524903253949e+40
4.030428030568042245e-42 9.236708571873865594e+02 1.155131316568591206e+40
4.030428030568042245e-42 1.172102297533480623e+03 1.156830186556833239e+40
4.030428030568042245e-42 1.487352107293511835e+03 1.160282008544902813e+40
4.030428030568042245e-42 1.887391822135097755e+03 1.165004958573083936e+40
4.030428030568042245e-42 2.395026619987485901e+03 1.170117512698590224e+40
4.030428030568042245e-42 3.039195382313198024e+03 1.174817657795737507e+40
4.030428030568042245e-42 3.856620421163472201e+03 1.178347307355266359e+40
4.030428030568042245e-42 4.893900918477494088e+03 1.179211269084481315e+40
4.030428030568042245e-42 6.210169418915616006e+03 1.174891868986567932e+40
4.030428030568042245e-42 7.880462815669912743e+03 1.162870249933299415e+40
4.030428030568042245e-42 1.000000000000000000e+04 1.142071314708977435e+40
4.886109671160316056e-42 1.000000000000000000e+01 9.273788067457615348e+39
4.886109671160316056e-42 1.268961003167922108e+01 9.214670056404598666e+39
4.886109671160316056e-42 1.610262027560939302e+01 9.180994861061352776e+39
4.886109671160316056e-42 2.043359717856941771e+01 9.180326473317763637e+39
4.886109671160316056e-42 2.592943797404667094e+01 9.211330909581675597e+39
4.886109671160316056e-42 3.290344562312667875e+01 9.262445486859040778e+39
4.886109671160316056e-42 4.175318936560400118e+01 9.319199853940311615e+39
4.886109671160316056e-42 5.298316906283707084e+01 9.369207703611821173e+39
4.886109671160316056e-42 6.723357536499334230e+01 9.403232224795329640e+39
4.886109671160316056e-42 8.531678524172805567e+01 9.417208934961207528e+39
4.886109671160316056e-42 1.082636733874054045e+02 9.412910539622760126e+39
4.886109671160316056e-42 1.373823795883263870e+02 9.396593956594917740e+39
4.886109671160316056e-42 1.743328822199987371e+02 9.377710640590269890e+39
4.886109671160316056e-42 2.212216291070450325e+02 9.364709988655567291e+39
4.886109671160316056e-42 2.807216203941175650e+02 9.359831125031158680e+39
4.886109671160316056e-42 3.562247890262444230e+02 9.359076793857687179e+39
4.886109671160316056e-42 4.520353656360240393e+02 9.356951281151086734e+39
4.886109671160316056e-42 5.736152510448681596e+02 9.351087667159422893e+39
4.886109671160316056e-42 7.278953843983146044e+02 9.344955597915321949e+39
4.886109671160316056e-42 9.236708571873865594e+02 9.346584469812039215e+39
4.886109671160316056e-42 1.172102297533480623e+03 9.363638082781468774e+39
4.886109671160316056e-42 1.487352107293511835e+03 9.398633270498885551e+39
4.886109671160316056e-42 1.887391822135097755e+03 9.447466235422332063e+39
4.886109671160316056e-42 2.395026619987485901e+03 9.502185496260037401e+39
4.886109671160316056e-42 3.039195382313198024e+03 9.555773067025820280e+39
4.886109671160316056e-42 3.856620421163472201e+03 9.602421391389544832e+39
4.886109671160316056e-42 4.893900918477494088e+03 9.630215360277321624e+39
4.886109671160316056e-42 6.210169418915616006e+03 9.617251075726361438e+39
4.886109671160316056e-42 7.880462815669912743e+03 9.540038734551526892e+39
4.886109671160316056e-42 1.000000000000000000e+04 9.386946501810711929e+39
5.923457145875794391e-42 1.000000000000000000e+01 7.478139728400973177e+39
5.923457145875794391e-42 1.268961003167922108e+01 7.421832749423246989e+39
5.923457145875794391e-42 1.610262027560939302e+01 7.388305891908632369e+39
5.923457145875794391e-42 2.043359717856941771e+01 7.387679315381927600e+39
5.923457145875794391e-42 2.592943797404667094e+01 7.418669335481641519e+39
5.923457145875794391e-42 3.290344562312667875e+01 7.467291535166159243e+39
5.923457145875794391e-42 4.175318936560400118e+01 7.521820920049240547e+39
5.923457145875794391e-42 5.298316906283707084e+01 7.570456437965088667e+39
5.923457145875794391e-42 6.723357536499334230e+01 7.603933353466615605e+39
5.923457145875794391e-42 8.531678524172805567e+01 7.617792321570182093e+39
5.923457145875794391e-42 1.082636733874054045e+02 7.613522878743613668e+39
5.923457145875794391e-42 1.373823795883263870e+02 7.597367668300939848e+39
5.923457145875794391e-42 1.743328822199987371e+02 7.578782466032892892e+39
5.923457145875794391e-42 2.212216291070450325e+02 7.566056699795866656e+39
5.923457145875794391e-42 2.807216203941175650e+02 7.561290268819972323e+39
5.923457145875794391e-42 3.562247890262444230e+02 7.560553883123902891e+39
5.923457145875794391e-42 4.520353656360240393e+02 7.558479735607363977e+39
5.923457145875794391e-42 5.736152510448681596e+02 7.552763854429213298e+39
5.923457145875794391e-42 7.278953843983146044e+02 7.546795589380527191e+39
5.923457145875794391e-42 9.236708571873865594e+02 7.548380008141809488e+39
5.923457145875794391e-42 1.172102297533480623e+03 7.565008952033602172e+39
5.923457145875794391e-42 1.487352107293511835e+03 7.599387612029671627e+39
5.923457145875794391e-42 1.887391822135097755e+03 7.648055102513547391e+39
5.923457145875794391e-42 2.395026619987485901e+03 7.703918099051840550e+39
5.923457145875794391e-42 3.039195382313198024e+03 7.760888327288462817e+39
5.923457145875794391e-42 3.856620421163472201e+03 7.814613284001722450e+39
5.923457145875794391e-42 4.893900918477494088e+03 7.855703841277749109e+39
5.923457145875794391e-42 6.210169418915616006e+03 7.865172151423354604e+39
5.923457145875794391e-42 7.880462815669912743e+03 7.821256455750858106e+39
5.923457145875794391e-42 1.000000000000000000e+04 7.711813823638898988e+39
7.181039092537341888e-42 1.000000000000000000e+01 6.016153270219668477e+39
7.181039092537341888e-42 1.268961003167922108e+01 5.963737044960246685e+39
7.181039092537341888e-42 1.610262027560939302e+01 5.934262743892478312e+39
7.181039092537341888e-42 2.043359717856941771e+01 5.933680610278818296e+39
7.181039092537341888e-42 2.592943797404667094e+01 5.960803721558421364e+39
7.181039092537341888e-42 3.290344562312667875e+01 6.006024380966023296e+39
7.181039092537341888e-42 4.175318936560400118e+01 6.058651370931131204e+39
7.181039092537341888e-42 5.298316906283707084e+01 6.104923662777694869e+39
7.181039092537341888e-42 6.723357536499334230e+01 6.137069355391933200e+39
7.181039092537341888e-42 8.531678524172805567e+01 6.150458272601734241e+39
7.181039092537341888e-42 1.082636733874054045e+02 6.146328193172338776e+39
7.181039092537341888e-42 1.373823795883263870e+02 6.130739162344925192e+39
7.181039092537341888e-42 1.743328822199987371e+02 6.112888704549606118e+39
7.181039092537341888e-42 2.212216291070450325e+02 6.100718210949517507e+39
7.181039092537341888e-42 2.807216203941175650e+02 6.096166939949678090e+39
7.181039092537341888e-42 3.562247890262444230e+02 6.095464223353668973e+39
7.181039092537341888e-42 4.520353656360240393e+02 6.093485519673763668e+39
7.181039092537341888e-42 5.736152510448681596e+02 6.088037261147685010e+39
7.181039092537341888e-42 7.278953843983146044e+02 6.082355540021685201e+39
7.181039092537341888e-42 9.236708571873865594e+02 6.083863170530381455e+39
7.181039092537341888e-42 1.172102297533480623e+03 6.099717345004066052e+39
7.181039092537341888e-42 1.487352107293511835e+03 6.132688642696229514e+39
7.181039092537341888e-42 1.887391822135097755e+03 6.179889451606821638e+39
7.181039092537341888e-42 2.395026619987485901e+03 6.235058880276029589e+39
7.181039092537341888e-42 3.039195382313198024e+03 6.292963168633342207e+39
7.181039092537341888e-42 3.856620421163472201e+03 6.350438019816565802e+39
7.181039092537341888e-42 4.893900918477494088e+03 6.400191435237847441e+39
7.181039092537341888e-42 6.210169418915616006e+03 6.425837218307844217e+39
7.181039092537341888e-42 7.880462815669912743e+03 6.407347361089073237e+39
7.181039092537341888e-42 1.000000000000000000e+04 6.332370091949452137e+39
8.705612479099855647e-42 1.000000000000000000e+01 4.830557710228027445e+39
8.705612479099855647e-42 1.268961003167922108e+01 4.782200689425410725e+39
8.705612479099855647e-42 1.610262027560939302e+01 4.755163886556121038e+39
8.705612479099855647e-42 2.043359717856941771e+01 4.754631040344617568e+39
8.705612479099855647e-42 2.592943797404667094e+01 4.779505499782042385e+39
8.705612479099855647e-42 3.290344562312667875e+01 4.821183919760108409e+39
8.705612479099855647e-42 4.175318936560400118e+01 4.868615548185881397e+39
8.705612479099855647e-42 5.298316906283707084e+01 4.911654689315574199e+39
8.705612479099855647e-42 6.723357536499334230e+01 4.943004603170755479e+39
8.705612479099855647e-42 8.531678524172805567e+01 4.955675734972198153e+39
8.705612479099855647e-42 1.082636733874054045e+02 4.951762873274199265e+39
8.705612479099855647e-42 1.373823795883263870e+02 4.937023910862315576e+39
8.705612479099855647e-42 1.743328822199987371e+02 4.919092381411488254e+39
8.705612479099855647e-42 2.212216291070450325e+02 4.907729947406831289e+39
8.705612479099855647e-42 2.807216203941175650e+02 4.903485594323150387e+39
8.705612479099855647e-42 3.562247890262444230e+02 4.902830552356264631e+39
8.705612479099855647e-42 4.520353656360240393e+02 4.900986498958916402e+39
8.705612479099855647e-42 5.736152510448681596e+02 4.895912080901293085e+39
8.705612479099855647e-42 7.278953843983146044e+02 4.890625000731013902e+39
8.705612479099855647e-42 9.236708571873865594e+02 4.892027429145441510e+39
8.705612479099855647e-42 1.172102297533480623e+03 4.906796298490780333e+39
8.705612479099855647e-42 1.487352107293511835e+03 4.938867113212327447e+39
8.705612479099855647e-42 1.887391822135097755e+03 4.983679033675839554e+39
8.705612479099855647e-42 2.395026619987485901e+03 5.036816037077125471e+39
8.705612479099855647e-42 3.039195382313198024e+03 5.093822297153536644e+39
8.705612479099855647e-42 3.856620421163472201e+03 5.152497521226663224e+39
8.705612479099855647e-42 4.893900918477494088e+03 5.207285635363773411e+39
8.705612479099855647e-42 6.210169418915616006e+03 5.244122378790405806e+39
8.705612479099855647e-42 7.880462815669912743e+03 5.244699101337687966e+39
8.705612479099855647e-42 1.000000000000000000e+04 5.196701528819824704e+39
1.055386103036523001e-41 1.000000000000000000e+01 3.869414854517964693e+39
1.055386103036523001e-41 1.268961003167922108e+01 3.825420623098327681e+39
1.055386103036523001e-41 1.610262027560939302e+01 3.800947333608432585e+39
1.055386103036523001e-41 2.043359717856941771e+01 3.800465924338431746e+39
1.055386103036523001e-41 2.592943797404667094e+01 3.822977372927170000e+39
1.055386103036523001e-41 3.290344562312667875e+01 3.860863246893167360e+39
1.055386103036523001e-41 4.175318936560400118e+01 3.904262995818317745e+39
1.055386103036523001e-41 5.298316906283707084e+01 3.943944613185344437e+39
1.055386103036523001e-41 6.723357536499334230e+01 3.971887223848816398e+39
1.055386103036523001e-41 8.531678524172805567e+01 3.983627082651694183e+39
1.055386103036523001e-41 1.082636733874054045e+02 3.979998930009076356e+39
1.055386103036523001e-41 1.373823795883263870e+02 3.966352972654596065e+39
1.055386103036523001e-41 1.743328822199987371e+02 3.950831153402726312e+39
1.055386103036523001e-41 2.212216291070450325e+02 3.940313289859604087e+39
1.055386103036523001e-41 2.807216203941175650e+02 3.936389281530073251e+39
1.055386103036523001e-41 3.562247890262444230e+02 3.935783956914059719e+39
1.055386103036523001e-41 4.520353656360240393e+02 3.934080261906771746e+39
1.055386103036523001e-41 5.736152510448681596e+02 3.929395066558753897e+39
1.055386103036523001e-41 7.278953843983146044e+02 3.924518136343316954e+39
1.055386103036523001e-41 9.236708571873865594e+02 3.925811304979731200e+39
1.055386103036523001e-41 1.172102297533480623e+03 3.939449839855959069e+39
1.055386103036523001e-41 1.487352107293511835e+03 3.968059554643429252e+39
1.055386103036523001e-41 1.887391822135097755e+03 4.009674305535710672e+39
1.055386103036523001e-41 2.395026619987485901e+03 4.060727650785270979e+39
1.055386103036523001e-41 3.039195382313198024e+03 4.115505194512276880e+39
1.055386103036523001e-41 3.856620421163472201e+03 4.173466418915826898e+39
1.055386103036523001e-41 4.893900918477494088e+03 4.230485967234399689e+39
1.055386103036523001e-41 6.210169418915616006e+03 4.274570280275773481e+39
1.055386103036523001e-41 7.880462815669912743e+03 4.289098337551154329e+39
1.055386103036523001e-41 1.000000000000000000e+04 4.261993027128382339e+39
1.279450273207873505e-41 1.000000000000000000e+01 3.091819261675986771e+39
1.279450273207873505e-41 1.268961003167922108e+01 3.052285354929221585e+39
1.279450273207873505e-41 1.610262027560939302e+01 3.030393709287444485e+39
1.279450273207873505e-41 2.043359717856941771e+01 3.029963819181874942e+39
1.279450273207873505e-41 2.592943797404667094e+01 3.050096894867149650e+39
1.279450273207873505e-41 3.290344562312667875e+01 3.084115605231469954e+39
1.279450273207873505e-41 4.175318936560400118e+01 3.123315661723944639e+39
1.279450273207873505e-41 5.298316906283707084e+01 3.159400251979825447e+39
1.279450273207873505e-41 6.723357536499334230e+01 3.184964956289900005e+39
1.279450273207873505e-41 8.531678524172805567e+01 3.195747503790408217e+39
1.279450273207873505e-41 1.082636733874054045e+02 3.192412441065765176e+39
1.279450273207873505e-41 1.373823795883263870e+02 3.179889064587633667e+39
1.279450273207873505e-41 1.743328822199987371e+02 3.165686100732550144e+39
1.279450273207873505e-41 2.212216291070450325e+02 3.156087845009118247e+39
1.279450273207873505e-41 2.807216203941175650e+02 3.152510885545428179e+39
1.279450273207873505e-41 3.562247890262444230e+02 3.151959319843770427e+39
1.279450273207873505e-41 4.520353656360240393e+02 3.150407247231179187e+39
1.279450273207873505e-41 5.736152510448681596e+02 3.146141411670037100e+39
1.279450273207873505e-41 7.278953843983146044e+02 3.141704702510830069e+39
1.279450273207873505e-41 9.236708571873865594e+02 3.142880769627710345e+39
1.279450273207873505e-41 1.172102297533480623e+03 3.155300545286137553e+39
1.279450273207873505e-41 1.487352107293511835e+03 3.181454917562954660e+39
1.279450273207873505e-41 1.887391822135097755e+03 3.219769056362075499e+39
1.279450273207873505e-41 2.395026619987485901e+03 3.266167318991276215e+39
1.279450273207873505e-41 3.039195382313198024e+03 3.318477672670225144e+39
1.279450273207873505e-41 3.856620421163472201e+03 3.374327530066735887e+39
1.279450273207873505e-41 4.893900918477494088e+03 3.431450429909383499e+39
1.279450273207873505e-41 6.210169418915616006e+03 3.479695855446732704e+39
1.279450273207873505e-41 7.880462815669912743e+03 3.504083608002486390e+39
1.279450273207873505e-41 1.000000000000000000e+04 3.492934050830409579e+39
1.551084476952840572e-41 1.000000000000000000e+01 2.464093880882711188e+39
1.551084476952840572e-41 1.268961003167922108e+01 2.428961703608994231e+39
1.551084476952840572e-41 1.610262027560939302e+01 2.409589133202399423e+39
1.551084476952840572e-41 2.043359717856941771e+01 2.409209306253661720e+39
1.551084476952840572e-41 2.592943797404667094e+01 2.427022656232543327e+39
1.551084476952840572e-41 3.290344562312667875e+01 2.457232442008043530e+39
1.551084476952840572e-41 4.175318936560400118e+01 2.492231168215501455e+39
1.551084476952840572e-41 5.298316906283707084e+01 2.524645718673802824e+39
1.551084476952840572e-41 6.723357536499334230e+01 2.547735974799187505e+39
1.551084476952840572e-41 8.531678524172805567e+01 2.557508583685113288e+39
1.551084476952840572e-41 1.082636733874054045e+02 2.554483671881568574e+39
1.551084476952840572e-41 1.373823795883263870e+02 2.543141338477060991e+39
1.551084476952840572e-41 1.743328822199987371e+02 2.530311490780374117e+39
1.551084476952840572e-41 2.212216291070450325e+02 2.521661894548990814e+39
1.551084476952840572e-41 2.807216203941175650e+02 2.518441722627031942e+39
1.551084476952840572e-41 3.562247890262444230e+02 2.517945353302738901e+39
1.551084476952840572e-41 4.520353656360240393e+02 2.516548856383298352e+39
1.551084476952840572e-41 5.736152510448681596e+02 2.512712553521073604e+39
1.551084476952840572e-41 7.278953843983146044e+02 2.508725573370438631e+39
1.551084476952840572e-41 9.236708571873865594e+02 2.509782127330249885e+39
1.551084476952840572e-41 1.172102297533480623e+03 2.520952950761401854e+39
1.551084476952840572e-41 1.487352107293511835e+03 2.544559135400497791e+39
1.551084476952840572e-41 1.887391822135097755e+03 2.579359267570807972e+39
1.551084476952840572e-41 2.395026619987485901e+03 2.621903479989677653e+39
1.551084476952840572e-41 3.039195382313198024e+03 2.669580779246361191e+39
1.551084476952840572e-41 3.856620421163472201e+03 2.722916979762576391e+39
1.551084476952840572e-41 4.893900918477494088e+03 2.778565993197082585e+39
1.551084476952840572e-41 6.210169418915616006e+03 2.828589034950679529e+39
1.551084476952840572e-41 7.880462815669912743e+03 2.859586757297789983e+39
1.551084476952840572e-41 1.000000000000000000e+04 2.860403735500511916e+39
1.880388089340916520e-41 1.000000000000000000e+01 1.958533744607766371e+39
1.880388089340916520e-41 1.268961003167922108e+01 1.927630480100734938e+39
1.880388089340916520e-41 1.610262027560939302e+01 1.910656425777243519e+39
1.880388089340916520e-41 2.043359717856941771e+01 1.910324108839609323e+39
1.880388089340916520e-41 2.592943797404667094e+01 1.925929521736183324e+39
1.880388089340916520e-41 3.290344562312667875e+01 1.952485546698912121e+39
1.880388089340916520e-41 4.175318936560400118e+01 1.983404926682173536e+39
1.880388089340916520e-41 5.298316906283707084e+01 2.012202527312593208e+39
1.880388089340916520e-41 6.723357536499334230e+01 2.032818721365186554e+39
1.880388089340916520e-41 8.531678524172805567e+01 2.041571644459409042e+39
1.880388089340916520e-41 1.082636733874054045e+02 2.038860550450360036e+39
1.880388089340916520e-41 1.373823795883263870e+02 2.028708318159528993e+39
1.880388089340916520e-41 1.743328822199987371e+02 2.017251878098587354e+39
1.880388089340916520e-41 2.212216291070450325e+02 2.009544876286032402e+39
1.880388089340916520e-41 2.807216203941175650e+02 2.006678308377762861e+39
1.880388089340916520e-41 3.562247890262444230e+02 2.006236591184379866e+39
1.880388089340916520e-41 4.520353656360240393e+02 2.004994062389386969e+39
1.880388089340916520e-41 5.736152510448681596e+02 2.001582298807247183e+39
1.880388089340916520e-41 7.278953843983146044e+02 1.998038964414635793e+39
1.880388089340916520e-41 9.236708571873865594e+02 1.998977707693568386e+39
1.880388089340916520e-41 1.172102297533480623e+03 2.008913639342096199e+39
1.880388089340916520e-41 1.487352107293511835e+03 2.029976953420364155e+39
1.880388089340916520e-41 1.887391822135097755e+03 2.061206518196101049e+39
1.880388089340916520e-41 2.395026619987485901e+03 2.099711641025100699e+39
1.880388089340916520e-41 3.039195382313198024e+03 2.143374709588309920e+39
1.880388089340916520e-41 3.856620421163472201e+03 2.192724677793224281e+39
1.880388089340916520e-41 4.893900918477494088e+03 2.245769894003876081e+39
1.880388089340916520e-41 6.210169418915616006e+03 2.295762440202183239e+39
1.880388089340916520e-41 7.880462815669912743e+03 2.330812406852788075e+39
1.880388089340916520e-41 1.000000000000000000e+04 2.340386298495894397e+39
2.279604637318982044e-41 1.000000000000000000e+01 1.552368827347040838e+39
2.279604637318982044e-41 1.268961003167922108e+01 1.525442168525475564e+39
2.279604637318982044e-41 1.610262027560939302e+01 1.510706773840699128e+39
2.279604637318982044e-41 2.043359717856941771e+01 1.510418678808392658e+39
2.279604637318982044e-41 2.592943797404667094e+01 1.523963911714953894e+39
2.279604637318982044e-41 3.290344562312667875e+01 1.547088518070477617e+39
2.279604637318982044e-41 4.175318936560400118e+01 1.574138663795799901e+39
2.279604637318982044e-41 5.298316906283707084e+01 1.599464585992452600e+39
2.279604637318982044e-41 6.723357536499334230e+01 1.617679249499412356e+39
2.279604637318982044e-41 8.531678524172805567e+01 1.625434970255231548e+39
2.279604637318982044e-41 1.082636733874054045e+02 1.623031273725833577e+39
2.279604637318982044e-41 1.373823795883263870e+02 1.614041141164764849e+39
2.279604637318982044e-41 1.743328822199987371e+02 1.603918215370672383e+39
2.279604637318982044e-41 2.212216291070450325e+02 1.597121784440708341e+39
2.279604637318982044e-41 2.807216203941175650e+02 1.594596118026754133e+39
2.279604637318982044e-41 3.562247890262444230e+02 1.594207050705072777e+39
2.279604637318982044e-41 4.520353656360240393e+02 1.593112793712284248e+39
2.279604637318982044e-41 5.736152510448681596e+02 1.590109444086932941e+39
2.279604637318982044e-41 7.278953843983146044e+02 1.586992258810585627e+39
2.279604637318982044e-41 9.236708571873865594e+02 1.587817902504301270e+39
2.279604637318982044e-41 1.172102297533480623e+03 1.596565500601088609e+39
2.279604637318982044e-41 1.487352107293511835e+03 1.615164169178614966e+39
2.279604637318982044e-41 1.887391822135097755e+03 1.642885134443232760e+39
2.279604637318982044e-41 2.395026619987485901e+03 1.677330598789517457e+39
2.279604637318982044e-41 3.039195382313198024e+03 1.716807552096247828e+39
2.279604637318982044e-41 3.856620421163472201e+03 1.761600685676213381e+39
2.279604637318982044e-41 4.893900918477494088e+03 1.811577783393053101e+39
2.279604637318982044e-41 6.210169418915616006e+03 1.860201161692805460e+39
2.279604637318982044e-41 7.880462815669912743e+03 1.897313792692847490e+39
2.279604637318982044e-41 1.000000000000000000e+04 1.913076431174739973e+39
2.763577014736162840e-41 1.000000000000000000e+01 1.226906987335246841e+39
2.763577014736162840e-41 1.268961003167922108e+01 1.203653440122513064e+39
2.763577014736162840e-41 1.610262027560939302e+01 1.190972662973541784e+39
2.763577014736162840e-41 2.043359717856941771e+01 1.190725058684889533e+39
2.763577014736162840e-41 2.592943797404667094e+01 1.202379959314973471e+39
2.763577014736162840e-41 3.290344562312667875e+01 1.222338457747928339e+39
2.763577014736162840e-41 4.175318936560400118e+01 1.245788450009510299e+39
2.763577014736162840e-41 5.298316906283707084e+01 1.267852024180735081e+39
2.763577014736162840e-41 6.723357536499334230e+01 1.283789145083109974e+39
2.763577014736162840e-41 8.531678524172805567e+01 1.290593453337883726e+39
2.763577014736162840e-41 1.082636733874054045e+02 1.288483420056017053e+39
2.763577014736162840e-41 1.373823795883263870e+02 1.280600662207951107e+39
2.763577014736162840e-41 1.743328822199987371e+02 1.271742681486915522e+39
2.763577014736162840e-41 2.212216291070450325e+02 1.265806466255831131e+39
2.763577014736162840e-41 2.807216203941175650e+02 1.263602309703672313e+39
2.763577014736162840e-41 3.562247890262444230e+02 1.263262867247789530e+39
2.763577014736162840e-41 4.520353656360240393e+02 1.262308320220442304e+39
2.763577014736162840e-41 5.736152510448681596e+02 1.259689477455390791e+39
2.763577014736162840e-41 7.278953843983146044e+02 1.256972996963733715e+39
2.763577014736162840e-41 9.236708571873865594e+02 1.257692344073545515e+39
2.763577014736162840e-41 1.172102297533480623e+03 1.265320901061540656e+39
2.763577014736162840e-41 1.487352107293511835e+03 1.281584991752185987e+39
2.763577014736162840e-41 1.887391822135097755e+03 1.305945690735321256e+39
2.763577014736162840e-41 2.395026619987485901e+03 1.336434143792620780e+39
2.763577014736162840e-41 3.039195382313198024e+03 1.371717899521200383e+39
2.763577014736162840e-41 3.856620421163472201e+03 1.412293834085662086e+39
2.763577014736162840e-41 4.893900918477494088e+03 1.458282453792650903e+39
2.763577014736162840e-41 6.210169418915616006e+03 1.504579230817807836e+39
2.763577014736162840e-41 7.880462815669912743e+03 1.542230592877238280e+39
2.763577014736162840e-41 1.000000000000000000e+04 1.562141408785198980e+39
3.350299341977236584e-41 1.000000000000000000e+01 9.668250009784468542e+38
3.350299341977236584e-41 1.268961003167922108e+01 9.469124951455393994e+38
3.350299341977236584e-41 1.610262027560939302e+01 9.360900702138137275e+38
3.350299341977236584e-41 2.043359717856941771e+01 9.358790127297093318e+38
3.350299341977236584e-41 2.592943797404667094e+01 9.458245379120315745e+38
3.350299341977236584e-41 3.290344562312667875e+01 9.629058953920256614e+38
3.350299341977236584e-41 4.175318936560400118e+01 9.830602713706468181e+38
3.350299341977236584e-41 5.298316906283707084e+01 1.002111961995421173e+39
3.350299341977236584e-41 6.723357536499334230e+01 1.015929972670786691e+39
3.350299341977236584e-41 8.531678524172805567e+01 1.021844590116145985e+39
3.350299341977236584e-41 1.082636733874054045e+02 1.020009465899582958e+39
3.350299341977236584e-41 1.373823795883263870e+02 1.013161165403562839e+39
3.350299341977236584e-41 1.743328822199987371e+02 1.005480349773699169e+39
3.350299341977236584e-41 2.212216291070450325e+02 1.000341914829652235e+39
3.350299341977236584e-41 2.807216203941175650e+02 9.984355026878945821e+38
3.350299341977236584e-41 3.562247890262444230e+02 9.981419932544237440e+38
3.350299341977236584e-41 4.520353656360240393e+02 9.973167287652211357e+38
3.350299341977236584e-41 5.736152510448681596e+02 9.950534402615192213e+38
3.350299341977236584e-41 7.278953843983146044e+02 9.927070996926825043e+38
3.350299341977236584e-41 9.236708571873865594e+02 9.933282976620654416e+38
3.350299341977236584e-41 1.172102297533480623e+03 9.999218637760945691e+38
3.350299341977236584e-41 1.487352107293511835e+03 1.014015983479619108e+39
3.350299341977236584e-41 1.887391822135097755e+03 1.035224463892490080e+39
3.350299341977236584e-41 2.395026619987485901e+03 1.061947225038019321e+39
3.350299341977236584e-41 3.039195382313198024e+03 1.093153872949853007e+39
3.350299341977236584e-41 3.856620421163472201e+03 1.129484910938645569e+39
3.350299341977236584e-41 4.893900918477494088e+03 1.171103321410226160e+39
3.350299341977236584e-41 6.210169418915616006e+03 1.214613580547446179e+39
3.350299341977236584e-41 7.880462815669912743e+03 1.251660384242585515e+39
3.350299341977236584e-41 1.000000000000000000e+04 1.274112479493965899e+39
4.061585988376987876e-41 1.000000000000000000e+01 7.595815727952810370e+38
4.061585988376987876e-41 1.268961003167922108e+01 7.426671188302484719e+38
4.061585988376987876e-41 1.610262027560939302e+01 7.335038023183969376e+38
4.061585988376987876e-41 2.043359717856941771e+01 7.333253121727304008e+38
4.061585988376987876e-41 2.592943797404667094e+01 7.417450449599202374e+38
4.061585988376987876e-41 3.290344562312667875e+01 7.562468290440302589e+38
4.061585988376987876e-41 4.175318936560400118e+01 7.734270267972175642e+38
4.061585988376987876e-41 5.298316906283707084e+01 7.897401148134412640e+38
4.061585988376987876e-41 6.723357536499334230e+01 8.016181621690410179e+38
4.061585988376987876e-41 8.531678524172805567e+01 8.067147556359085571e+38
4.061585988376987876e-41 1.082636733874054045e+02 8.051326308413501877e+38
4.061585988376987876e-41 1.373823795883263870e+02 7.992345945893640281e+38
4.061585988376987876e-41 1.743328822199987371e+02 7.926315936495386182e+38
4.061585988376987876e-41 2.212216291070450325e+02 7.882214497122718157e+38
4.061585988376987876e-41 2.807216203941175650e+02 7.865865004084055425e+38
4.061585988376987876e-41 3.562247890262444230e+02 7.863348506913082011e+38
4.061585988376987876e-41 4.520353656360240393e+02 7.856273772043891223e+38
4.061585988376987876e-41 5.736152510448681596e+02 7.836878360169954494e+38
4.061585988376987876e-41 7.278953843983146044e+02 7.816782106949034628e+38
4.061585988376987876e-41 9.236708571873865594e+02 7.822101540270072689e+38
4.061585988376987876e-41 1.172102297533480623e+03 7.878611481795522682e+38
4.061585988376987876e-41 1.487352107293511835e+03 7.999704953197839845e+38
4.061585988376987876e-41 1.887391822135097755e+03 8.182728113120639906e+38
4.061585988376987876e-41 2.395026619987485901e+03 8.414813589240458354e+38
4.061585988376987876e-41 3.039195382313198024e+03 8.688153143217216591e+38
4.061585988376987876e-41 3.856620421163472201e+03 9.010030359858695962e+38
4.061585988376987876e-41 4.893900918477494088e+03 9.384858154691267976e+38
4.061585988376987876e-41 6.210169418915616006e+03 9.785313932859755347e+38
4.061585988376987876e-41 7.880462815669912743e+03 1.014140330631863814e+39
4.061585988376987876e-41 1.000000000000000000e+04 1.037882899144266976e+39
4.923882631706752114e-41 1.000000000000000000e+01 5.949310095011199164e+38
4.923882631706752114e-41 1.268961003167922108e+01 5.806741256380818690e+38
4.923882631706752114e-41 1.610262027560939302e+01 5.729746374493560797e+38
4.923882631706752114e-41 2.043359717856941771e+01 5.728248320873313125e+38
4.923882631706752114e-41 2.592943797404667094e+01 5.798986151352894677e+38
4.923882631706752114e-41 3.290344562312667875e+01 5.921155678169905737e+38
4.923882631706752114e-41 4.175318936560400118e+01 6.066456403404524664e+38
4.923882631706752114e-41 5.298316906283707084e+01 6.205019185554264015e+38
4.923882631706752114e-41 6.723357536499334230e+01 6.306290197272500410e+38
4.923882631706752114e-41 8.531678524172805567e+01 6.349844412246739693e+38
4.923882631706752114e-41 1.082636733874054045e+02 6.336317351942539573e+38
4.923882631706752114e-41 1.373823795883263870e+02 6.285939854953579561e+38
4.923882631706752114e-41 1.743328822199987371e+02 6.229639142783363979e+38
4.923882631706752114e-41 2.212216291070450325e+02 6.192094710191227421e+38
4.923882631706752114e-41 2.807216203941175650e+02 6.178186444084476790e+38
4.923882631706752114e-41 3.562247890262444230e+02 6.176046233728892707e+38
4.923882631706752114e-41 4.520353656360240393e+02 6.170030133618933674e+38
4.923882631706752114e-41 5.736152510448681596e+02 6.153542735530644236e+38
4.923882631706752114e-41 7.278953843983146044e+02 6.136468459399080719e+38
4.923882631706752114e-41 9.236708571873865594e+02 6.140987095754762818e+38
4.923882631706752114e-41 1.172102297533480623e+03 6.189029160687833818e+38
4.923882631706752114e-41 1.487352107293511835e+03 6.292222796294916553e+38
4.923882631706752114e-41 1.887391822135097755e+03 6.448851652021393352e+38
4.923882631706752114e-41 2.395026619987485901e+03 6.648680225744040207e+38
4.923882631706752114e-41 3.039195382313198024e+03 6.885932799348733520e+38
4.923882631706752114e-41 3.856620421163472201e+03 7.168327313806035946e+38
4.923882631706752114e-41 4.893900918477494088e+03 7.502213309727011187e+38
4.923882631706752114e-41 6.210169418915616006e+03 7.864845878681220916e+38
4.923882631706752114e-41 7.880462815669912743e+03 8.202197971926477560e+38
4.923882631706752114e-41 1.000000000000000000e+04 8.442939414143384017e+38
5.969249509970751436e-41 1.000000000000000000e+01 4.645201344471882371e+38
5.969249509970751436e-41 1.268961003167922108e+01 4.525927225297986209e+38
5.969249509970751436e-41 1.610262027560939302e+01 4.461707672598578513e+38
5.969249509970751436e-41 2.043359717856941771e+01 4.460459561620206706e+38
5.969249509970751436e-41 2.592943797404667094e+01 4.519452904312996451e+38
5.969249509970751436e-41 3.290344562312667875e+01 4.621609459116118121e+38
5.969249509970751436e-41 4.175318936560400118e+01 4.743568861635803206e+38
5.969249509970751436e-41 5.298316906283707084e+01 4.860357834206138566e+38
5.969249509970751436e-41 6.723357536499334230e+01 4.946024704127983065e+38
5.969249509970751436e-41 8.531678524172805567e+01 4.982950616199231325e+38
5.969249509970751436e-41 1.082636733874054045e+02 4.971476769533607778e+38
5.969249509970751436e-41 1.373823795883263870e+02 4.928787076578264830e+38
5.969249509970751436e-41 1.743328822199987371e+02 4.881157983148468427e+38
5.969249509970751436e-41 2.212216291070450325e+02 4.849443944845760953e+38
5.969249509970751436e-41 2.807216203941175650e+02 4.837704062025930494e+38
5.969249509970751436e-41 3.562247890262444230e+02 4.835897959847271808e+38
5.969249509970751436e-41 4.520353656360240393e+02 4.830821655028181962e+38
5.969249509970751436e-41 5.736152510448681596e+02 4.816914501584854419e+38
5.969249509970751436e-41 7.278953843983146044e+02 4.802519546413256639e+38
5.969249509970751436e-41 9.236708571873865594e+02 4.806328390821448721e+38
5.969249509970751436e-41 1.172102297533480623e+03 4.846855910341975799e+38
5.969249509970751436e-41 1.487352107293511835e+03 4.934108882196500862e+38
5.969249509970751436e-41 1.887391822135097755e+03 5.067082456978742685e+38
5.969249509970751436e-41 2.395026619987485901e+03 5.237726355911072172e+38
5.969249509970751436e-41 3.039195382313198024e+03 5.441894844342554595e+38
5.969249509970751436e-41 3.856620421163472201e+03 5.687395301443892674e+38
5.969249509970751436e-41 4.893900918477494088e+03 5.981821013508054827e+38
5.969249509970751436e-41 6.210169418915616006e+03 6.308380216881301138e+38
5.969249509970751436e-41 7.880462815669912743e+03 6.621079603023249404e+38
5.969249509970751436e-41 1.000000000000000000e+04 6.857934815209593555e+38
7.236553422869679456e-41 1.000000000000000000e+01 3.615541446697729202e+38
7.236553422869679456e-41 1.268961003167922108e+01 3.516474244311513856e+38
7.236553422869679456e-41 1.610262027560939302e+01 3.463291289425564046e+38
7.236553422869679456e-41 2.043359717856941771e+01 3.462258780486847837e+38
7.236553422869679456e-41 2.592943797404667094e+01 3.511107761618534663e+38
7.236553422869679456e-41 3.290344562312667875e+01 3.595915978860660478e+38
7.236553422869679456e-41 4.175318936560400118e+01 3.697536722539860634e+38
7.236553422869679456e-41 5.298316906283707084e+01 3.795242575480533564e+38
7.236553422869679456e-41 6.723357536499334230e+01 3.867163291605810965e+38
7.236553422869679456e-41 8.531678524172805567e+01 3.898231319636428232e+38
7.236553422869679456e-41 1.082636733874054045e+02 3.888573274273667773e+38
7.236553422869679456e-41 1.373823795883263870e+02 3.852673101874724129e+38
7.236553422869679456e-41 1.743328822199987371e+02 3.812683916067728482e+38
7.236553422869679456e-41 2.212216291070450325e+02 3.786095463764887152e+38
7.236553422869679456e-41 2.807216203941175650e+02 3.776259930284718310e+38
7.236553422869679456e-41 3.562247890262444230e+02 3.774747153428377844e+38
7.236553422869679456e-41 4.520353656360240393e+02 3.770495785316198100e+38
7.236553422869679456e-41 5.736152510448681596e+02 3.758852450933988790e+38
7.236553422869679456e-41 7.278953843983146044e+02 3.746806579892579759e+38
7.236553422869679456e-41 9.236708571873865594e+02 3.749993282941190429e+38
7.236553422869679456e-41 1.172102297533480623e+03 3.783926896354374214e+38
7.236553422869679456e-41 1.487352107293511835e+03 3.857146506093960210e+38
7.236553422869679456e-41 1.887391822135097755e+03 3.969172973177087109e+38
7.236553422869679456e-41 2.395026619987485901e+03 4.113749301747254369e+38
7.236553422869679456e-41 3.039195382313198024e+03 4.288014946244662695e+38
7.236553422869679456e-41 3.856620421163472201e+03 4.499607033020200955e+38
7.236553422869679456e-41 4.893900918477494088e+03 4.756807026001918908e+38
7.236553422869679456e-41 6.210169418915616006e+03 5.047696128371697403e+38
7.236553422869679456e-41 7.880462815669912743e+03 5.333832662093734101e+38
7.236553422869679456e-41 1.000000000000000000e+04 5.561544471256633935e+38
8.772912801613391881e-41 1.000000000000000000e+01 2.805196332720504887e+38
8.772912801613391881e-41 1.268961003167922108e+01 2.723486684449970436e+38
8.772912801613391881e-41 1.610262027560939302e+01 2.679747299984987990e+38
8.772912801613391881e-41 2.043359717856941771e+01 2.678899011820426901e+38
8.772912801613391881e-41 2.592943797404667094e+01 2.719069250946599894e+38
8.772912801613391881e-41 3.290344562312667875e+01 2.788985034915879748e+38
8.772912801613391881e-41 4.175318936560400118e+01 2.873060613446444973e+38
8.772912801613391881e-41 5.298316906283707084e+01 2.954214342090664640e+38
8.772912801613391881e-41 6.723357536499334230e+01 3.014154649771385871e+38
8.772912801613391881e-41 8.531678524172805567e+01 3.040101906240515311e+38
8.772912801613391881e-41 1.082636733874054045e+02 3.032032182630919536e+38
8.772912801613391881e-41 1.373823795883263870e+02 3.002063306647582061e+38
8.772912801613391881e-41 1.743328822199987371e+02 2.968733307537757104e+38
8.772912801613391881e-41 2.212216291070450325e+02 2.946603473088148456e+38
8.772912801613391881e-41 2.807216203941175650e+02 2.938422914770831053e+38
8.772912801613391881e-41 3.562247890262444230e+02 2.937164970832430621e+38
8.772912801613391881e-41 4.520353656360240393e+02 2.933630168687932151e+38
8.772912801613391881e-41 5.736152510448681596e+02 2.923952381660938625e+38
8.772912801613391881e-41 7.278953843983146044e+02 2.913944736379174806e+38
8.772912801613391881e-41 9.236708571873865594e+02 2.916591762079858325e+38
8.772912801613391881e-41 1.172102297533480623e+03 2.944799522570485706e+38
8.772912801613391881e-41 1.487352107293511835e+03 3.005795935843082281e+38
8.772912801613391881e-41 1.887391822135097755e+03 3.099477440302737971e+38
8.772912801613391881e-41 2.395026619987485901e+03 3.221041215201717114e+38
8.772912801613391881e-41 3.039195382313198024e+03 3.368620799774238237e+38
8.772912801613391881e-41 3.856620421163472201e+03 3.549495172603424804e+38
8.772912801613391881e-41 4.893900918477494088e+03 3.772198948905850729e+38
8.772912801613391881e-41 6.210169418915616006e+03 4.028732373632632063e+38
8.772912801613391881e-41 7.880462815669912743e+03 4.286749272949485265e+38
8.772912801613391881e-41 1.000000000000000000e+04 4.502426530325287532e+38
1.063544957486015642e-40 1.000000000000000000e+01 2.169550512814279760e+38
1.063544957486015642e-40 1.268961003167922108e+01 2.102613310659804880e+38
1.063544957486015642e-40 1.610262027560939302e+01 2.065221838799257128e+38
1.063544957486015642e-40 2.043359717856941771e+01 2.064535763198593425e+38
1.063544957486015642e-40 2.592943797404667094e+01 2.099001501312598182e+38
1.063544957486015642e-40 3.290344562312667875e+01 2.156250625684427284e+38
1.063544957486015642e-40 4.175318936560400118e+01 2.225333586934411554e+38
1.063544957486015642e-40 5.298316906283707084e+01 2.292269935262557311e+38
1.063544957486015642e-40 6.723357536499334230e+01 2.341872896180635354e+38
1.063544957486015642e-40 8.531678524172805567e+01 2.363389148106913931e+38
1.063544957486015642e-40 1.082636733874054045e+02 2.356694620481542613e+38
1.063544957486015642e-40 1.373823795883263870e+02 2.331854906379116923e+38
1.063544957486015642e-40 1.743328822199987371e+02 2.304271336580554118e+38
1.063544957486015642e-40 2.212216291070450325e+02 2.285981705003334843e+38
1.063544957486015642e-40 2.807216203941175650e+02 2.279225286171702217e+38
1.063544957486015642e-40 3.562247890262444230e+02 2.278186564781643593e+38
1.063544957486015642e-40 4.520353656360240393e+02 2.275268101095140601e+38
1.063544957486015642e-40 5.736152510448681596e+02 2.267280223068123878e+38
1.063544957486015642e-40 7.278953843983146044e+02 2.259023873626140617e+38
1.063544957486015642e-40 9.236708571873865594e+02 2.261207304324576238e+38
1.063544957486015642e-40 1.172102297533480623e+03 2.284491578903716642e+38
1.063544957486015642e-40 1.487352107293511835e+03 2.334947279787336861e+38
1.063544957486015642e-40 1.887391822135097755e+03 2.412727416547957113e+38
1.063544957486015642e-40 2.395026619987485901e+03 2.514194013385182489e+38
1.063544957486015642e-40 3.039195382313198024e+03 2.638232597958409563e+38
1.063544957486015642e-40 3.856620421163472201e+03 2.791635536490423739e+38
1.063544957486015642e-40 4.893900918477494088e+03 2.982859374101522133e+38
1.063544957486015642e-40 6.210169418915616006e+03 3.206994752735472221e+38
1.063544957486015642e-40 7.880462815669912743e+03 3.438162698368298890e+38
1.063544957486015642e-40 1.000000000000000000e+04 3.638253694654735988e+38
1.289341296525721038e-40 1.000000000000000000e+01 1.671372590984908387e+38
1.289341296525721038e-40 1.268961003167922108e+01 1.617284887632108299e+38
1.289341296525721038e-40 1.610262027560939302e+01 1.588443760826674872e+38
1.289341296525721038e-40 2.043359717856941771e+01 1.587885241202907122e+38
1.289341296525721038e-40 2.592943797404667094e+01 1.614368526274278321e+38
1.289341296525721038e-40 3.290344562312667875e+01 1.660620619706031356e+38
1.289341296525721038e-40 4.175318936560400118e+01 1.718152752654007415e+38
1.289341296525721038e-40 5.298316906283707084e+01 1.772989437910082174e+38
1.289341296525721038e-40 6.723357536499334230e+01 1.813756759284684119e+38
1.289341296525721038e-40 8.531678524172805567e+01 1.831475508822927849e+38
1.289341296525721038e-40 1.082636733874054045e+02 1.825960232445009266e+38
1.289341296525721038e-40 1.373823795883263870e+02 1.805513749385093094e+38
1.289341296525721038e-40 1.743328822199987371e+02 1.782842239706052962e+38
1.289341296525721038e-40 2.212216291070450325e+02 1.767829343404334045e+38
1.289341296525721038e-40 2.807216203941175650e+02 1.762287048494796704e+38
1.289341296525721038e-40 3.562247890262444230e+02 1.761435167473841227e+38
1.289341296525721038e-40 4.520353656360240393e+02 1.759041923936701275e+38
1.289341296525721038e-40 5.736152510448681596e+02 1.752493543676877799e+38
1.289341296525721038e-40 7.278953843983146044e+02 1.745728091569654367e+38
1.289341296525721038e-40 9.236708571873865594e+02 1.747516947502889056e+38
1.289341296525721038e-40 1.172102297533480623e+03 1.766606814645887733e+38
1.289341296525721038e-40 1.487352107293511835e+03 1.808058023944124657e+38
1.289341296525721038e-40 1.887391822135097755e+03 1.872187857464753178e+38
1.289341296525721038e-40 2.395026619987485901e+03 1.956279745608779722e+38
1.289341296525721038e-40 3.039195382313198024e+03 2.059773121274715512e+38
1.289341296525721038e-40 3.856620421163472201e+03 2.188893667926075511e+38
1.289341296525721038e-40 4.893900918477494088e+03 2.351776465069930329e+38
1.289341296525721038e-40 6.210169418915616006e+03 2.545894059414152018e+38
1.289341296525721038e-40 7.880462815669912743e+03 2.750876334331019045e+38
1.289341296525721038e-40 1.000000000000000000e+04 2.934134855745209485e+38
1.563075417945823866e-40 1.000000000000000000e+01 1.284901701927070213e+38
1.563075417945823866e-40 1.268961003167922108e+01 1.241020766279234518e+38
1.563075417945823866e-40 1.610262027560939302e+01 1.217698732366143108e+38
1.563075417945823866e-40 2.043359717856941771e+01 1.217247613807678816e+38
1.563075417945823866e-40 2.592943797404667094e+01 1.238660138534583622e+38
1.563075417945823866e-40 3.290344562312667875e+01 1.276163458578712972e+38
1.563075417945823866e-40 4.175318936560400118e+01 1.321654209585447928e+38
1.563075417945823866e-40 5.298316906283707084e+01 1.365962354863105024e+38
1.563075417945823866e-40 6.723357536499334230e+01 1.400267815295286619e+38
1.563075417945823866e-40 8.531678524172805567e+01 1.414761500158686497e+38
1.563075417945823866e-40 1.082636733874054045e+02 1.410248254720129783e+38
1.563075417945823866e-40 1.373823795883263870e+02 1.392263618056337081e+38
1.563075417945823866e-40 1.743328822199987371e+02 1.373928375194577583e+38
1.563075417945823866e-40 2.212216291070450325e+02 1.361790793775570266e+38
1.563075417945823866e-40 2.807216203941175650e+02 1.357310699446080731e+38
1.563075417945823866e-40 3.562247890262444230e+02 1.356622127192840603e+38
1.563075417945823866e-40 4.520353656360240393e+02 1.354687740001703486e+38
1.563075417945823866e-40 5.736152510448681596e+02 1.349395366481939292e+38
1.563075417945823866e-40 7.278953843983146044e+02 1.343928341230856994e+38
1.563075417945823866e-40 9.236708571873865594e+02 1.345373798314489539e+38
1.563075417945823866e-40 1.172102297533480623e+03 1.360802526270576269e+38
1.563075417945823866e-40 1.487352107293511835e+03 1.395609946910596286e+38
1.563075417945823866e-40 1.887391822135097755e+03 1.448128994648552184e+38
1.563075417945823866e-40 2.395026619987485901e+03 1.517342286829289985e+38
1.563075417945823866e-40 3.039195382313198024e+03 1.603083966695574598e+38
1.563075417945823866e-40 3.856620421163472201e+03 1.710971691192517401e+38
1.563075417945823866e-40 4.893900918477494088e+03 1.848648842301468366e+38
1.563075417945823866e-40 6.210169418915616006e+03 2.015373397604999398e+38
1.563075417945823866e-40 7.880462815669912743e+03 2.195403022960932483e+38
1.563075417945823866e-40 1.000000000000000000e+04 2.360789395847395362e+38
1.894924771873831279e-40 1.000000000000000000e+01 9.845445763294712318e+37
1.894924771873831279e-40 1.268961003167922108e+01 9.492125106742898593e+37
1.894924771873831279e-40 1.610262027560939302e+01 9.304903113570252165e+37
1.894924771873831279e-40 2.043359717856941771e+01 9.301285505062281765e+37
1.894924771873831279e-40 2.592943797404667094e+01 9.473157456963224415e+37
1.894924771873831279e-40 3.290344562312667875e+01 9.774974734243041683e+37
1.894924771873831279e-40 4.175318936560400118e+01 1.014247511581687972e+38
1.894924771873831279e-40 5.298316906283707084e+01 1.050197368864365429e+38
1.894924771873831279e-40 6.723357536499334230e+01 1.077051232782503118e+38
1.894924771873831279e-40 8.531678524172805567e+01 1.088755176770701635e+38
1.894924771873831279e-40 1.082636733874054045e+02 1.085110059110252371e+38
1.894924771873831279e-40 1.373823795883263870e+02 1.071612540640101367e+38
1.894924771873831279e-40 1.743328822199987371e+02 1.056677217512294271e+38
1.894924771873831279e-40 2.212216291070450325e+02 1.046806010205899295e+38
1.894924771873831279e-40 2.807216203941175650e+02 1.043165403913577832e+38
1.894924771873831279e-40 3.562247890262444230e+02 1.042606002192809603e+38
1.894924771873831279e-40 4.520353656360240393e+02 1.041034695879047789e+38
1.894924771873831279e-40 5.736152510448681596e+02 1.036737236362136937e+38
1.894924771873831279e-40 7.278953843983146044e+02 1.032300324631760419e+38
1.894924771873831279e-40 9.236708571873865594e+02 1.033473190176320517e+38
1.894924771873831279e-40 1.172102297533480623e+03 1.046002785549043557e+38
1.894924771873831279e-40 1.487352107293511835e+03 1.073291102088480094e+38
1.894924771873831279e-40 1.887391822135097755e+03 1.115718843620126809e+38
1.894924771873831279e-40 2.395026619987485901e+03 1.173147409700031392e+38
1.894924771873831279e-40 3.039195382313198024e+03 1.243695625102910408e+38
1.894924771873831279e-40 3.856620421163472201e+03 1.333203740983866589e+38
1.894924771873831279e-40 4.893900918477494088e+03 1.448713264783476109e+38
1.894924771873831279e-40 6.210169418915616006e+03 1.590773323794490327e+38
1.894924771873831279e-40 7.880462815669912743e+03 1.747474369888064951e+38
1.894924771873831279e-40 1.000000000000000000e+04 1.895801750478457377e+38
2.297227536071165350e-40 1.000000000000000000e+01 7.519874785156310209e+37
2.297227536071165350e-40 1.268961003167922108e+01 7.237351291332926997e+37
2.297227536071165350e-40 1.610262027560939302e+01 7.088057120497813966e+37
2.297227536071165350e-40 2.043359717856941771e+01 7.085175189661509055e+37
2.297227536071165350e-40 2.592943797404667094e+01 7.222213436475048325e+37
2.297227536071165350e-40 3.290344562312667875e+01 7.463441853163795063e+37
2.297227536071165350e-40 4.175318936560400118e+01 7.758200205862924783e+37
2.297227536071165350e-40 5.298316906283707084e+01 8.047684700236860860e+37
2.297227536071165350e-40 6.723357536499334230e+01 8.264692940440340372e+37
2.297227536071165350e-40 8.531678524172805567e+01 8.359485996944026637e+37
2.297227536071165350e-40 1.082636733874054045e+02 8.329949248218545957e+37
2.297227536071165350e-40 1.373823795883263870e+02 8.220686309711104879e+37
2.297227536071165350e-40 1.743328822199987371e+02 8.099985499236502002e+37
2.297227536071165350e-40 2.212216291070450325e+02 8.020326388328792457e+37
2.297227536071165350e-40 2.807216203941175650e+02 7.990969038352357106e+37
2.297227536071165350e-40 3.562247890262444230e+02 7.986459166040301767e+37
2.297227536071165350e-40 4.520353656360240393e+02 7.973792878870491642e+37
2.297227536071165350e-40 5.736152510448681596e+02 7.939162481215047576e+37
2.297227536071165350e-40 7.278953843983146044e+02 7.903425763056817846e+37
2.297227536071165350e-40 9.236708571873865594e+02 7.912870782053317080e+37
2.297227536071165350e-40 1.172102297533480623e+03 8.013848258808266251e+37
2.297227536071165350e-40 1.487352107293511835e+03 8.234266423624938000e+37
2.297227536071165350e-40 1.887391822135097755e+03 8.578379841181721468e+37
2.297227536071165350e-40 2.395026619987485901e+03 9.035196365963957835e+37
2.297227536071165350e-40 3.039195382313198024e+03 9.618082222270608359e+37
2.297227536071165350e-40 3.856620421163472201e+03 1.035557430993410595e+38
2.297227536071165350e-40 4.893900918477494088e+03 1.131773016799099478e+38
2.297227536071165350e-40 6.210169418915616006e+03 1.251892687672885132e+38
2.297227536071165350e-40 7.880462815669912743e+03 1.387134129443331938e+38
2.297227536071165350e-40 1.000000000000000000e+04 1.518801736456879384e+38
2.784941350080661369e-40 1.000000000000000000e+01 5.725780367730834101e+37
2.784941350080661369e-40 1.268961003167922108e+01 5.501307019505827746e+37
2.784941350080661369e-40 1.610262027560939302e+01 5.382992901757281798e+37
2.784941350080661369e-40 2.043359717856941771e+01 5.380711080998316052e+37
2.784941350080661369e-40 2.592943797404667094e+01 5.489301017355227022e+37
2.784941350080661369e-40 3.290344562312667875e+01 5.680881757164065831e+37
2.784941350080661369e-40 4.175318936560400118e+01 5.915737471557718233e+37
2.784941350080661369e-40 5.298316906283707084e+01 6.147233990913889105e+37
2.784941350080661369e-40 6.723357536499334230e+01 6.321338250357657386e+37
2.784941350080661369e-40 8.531678524172805567e+01 6.397546533258958282e+37
2.784941350080661369e-40 1.082636733874054045e+02 6.373790299971283367e+37
2.784941350080661369e-40 1.373823795883263870e+02 6.285990805627391501e+37
2.784941350080661369e-40 1.743328822199987371e+02 6.189148062278985648e+37
2.784941350080661369e-40 2.212216291070450325e+02 6.125319507772552763e+37
2.784941350080661369e-40 2.807216203941175650e+02 6.101812325554581594e+37
2.784941350080661369e-40 3.562247890262444230e+02 6.098201938807267174e+37
2.784941350080661369e-40 4.520353656360240393e+02 6.088063032608002091e+37
2.784941350080661369e-40 5.736152510448681596e+02 6.060351013895909154e+37
2.784941350080661369e-40 7.278953843983146044e+02 6.031766499050078313e+37
2.784941350080661369e-40 9.236708571873865594e+02 6.039319963254484935e+37
2.784941350080661369e-40 1.172102297533480623e+03 6.120131542225020526e+37
2.784941350080661369e-40 1.487352107293511835e+03 6.296897401742707956e+37
2.784941350080661369e-40 1.887391822135097755e+03 6.573899852190536148e+37
2.784941350080661369e-40 2.395026619987485901e+03 6.943687720901827279e+37
2.784941350080661369e-40 3.039195382313198024e+03 7.409081702584033264e+37
2.784941350080661369e-40 3.856620421163472201e+03 8.018062596564634413e+37
2.784941350080661369e-40 4.893900918477494088e+03 8.813924851573328849e+37
2.784941350080661369e-40 6.210169418915616006e+03 9.822107960024106377e+37
2.784941350080661369e-40 7.880462815669912743e+03 1.097989410465276696e+38
2.784941350080661369e-40 1.000000000000000000e+04 1.213759831743493944e+38
3.376199441111361013e-40 1.000000000000000000e+01 4.346557007032808464e+37
3.376199441111361013e-40 1.268961003167922108e+01 4.169266909039643781e+37
3.376199441111361013e-40 1.610262027560939302e+01 4.076047989550576967e+37
3.376199441111361013e-40 2.043359717856941771e+01 4.074251705147814528e+37
3.376199441111361013e-40 2.592943797404667094e+01 4.159800452614268539e+37
3.376199441111361013e-40 3.290344562312667875e+01 4.311050618069958932e+37
3.376199441111361013e-40 4.175318936560400118e+01 4.497031682996963893e+37
3.376199441111361013e-40 5.298316906283707084e+01 4.680976380798143994e+37
3.376199441111361013e-40 6.723357536499334230e+01 4.819735332054597483e+37
3.376199441111361013e-40 8.531678524172805567e+01 4.880587565919292779e+37
3.376199441111361013e-40 1.082636733874054045e+02 4.861610629864368155e+37
3.376199441111361013e-40 1.373823795883263870e+02 4.791533555668551571e+37
3.376199441111361013e-40 1.743328822199987371e+02 4.714347206248258377e+37
3.376199441111361013e-40 2.212216291070450325e+02 4.663536483749484530e+37
3.376199441111361013e-40 2.807216203941175650e+02 4.644835399226935600e+37
3.376199441111361013e-40 3.562247890262444230e+02 4.641963741619237683e+37
3.376199441111361013e-40 4.520353656360240393e+02 4.633900199865767923e+37
3.376199441111361013e-40 5.736152510448681596e+02 4.611866805541322477e+37
3.376199441111361013e-40 7.278953843983146044e+02 4.589149141394717692e+37
3.376199441111361013e-40 9.236708571873865594e+02 4.595151355341004761e+37
3.376199441111361013e-40 1.172102297533480623e+03 4.659408648897104590e+37
3.376199441111361013e-40 1.487352107293511835e+03 4.800234303136629689e+37
3.376199441111361013e-40 1.887391822135097755e+03 5.021681392206119131e+37
3.376199441111361013e-40 2.395026619987485901e+03 5.318825560800686135e+37
3.376199441111361013e-40 3.039195382313198024e+03 5.695440477746283883e+37
3.376199441111361013e-40 3.856620421163472201e+03 6.182822261106064629e+37
3.376199441111361013e-40 4.893900918477494088e+03 6.842295136087207275e+37
3.376199441111361013e-40 6.210169418915616006e+03 7.682428338034496631e+37
3.376199441111361013e-40 7.880462815669912743e+03 8.665915971698870209e+37
3.376199441111361013e-40 1.000000000000000000e+04 9.674785926640305124e+37
4.092984818452400715e-40 1.000000000000000000e+01 3.289882756513537247e+37
4.092984818452400715e-40 1.268961003167922108e+01 3.150645085255376125e+37
4.092984818452400715e-40 1.610262027560939302e+01 3.077602864722160268e+37
4.092984818452400715e-40 2.043359717856941771e+01 3.076196531590108004e+37
4.092984818452400715e-40 2.592943797404667094e+01 3.143222345840459370e+37
4.092984818452400715e-40 3.290344562312667875e+01 3.261963440860186506e+37
4.092984818452400715e-40 4.175318936560400118e+01 3.408393294219788631e+37
4.092984818452400715e-40 5.298316906283707084e+01 3.553684399682258466e+37
4.092984818452400715e-40 6.723357536499334230e+01 3.663594834028123101e+37
4.092984818452400715e-40 8.531678524172805567e+01 3.711880863984275499e+37
4.092984818452400715e-40 1.082636733874054045e+02 3.696817114504030449e+37
4.092984818452400715e-40 1.373823795883263870e+02 3.641233926974265120e+37
4.092984818452400715e-40 1.743328822199987371e+02 3.580092055294572829e+37
4.092984818452400715e-40 2.212216291070450325e+02 3.539889318876168043e+37
4.092984818452400715e-40 2.807216203941175650e+02 3.525101304148973019e+37
4.092984818452400715e-40 3.562247890262444230e+02 3.522830948484505285e+37
4.092984818452400715e-40 4.520353656360240393e+02 3.516456455786116583e+37
4.092984818452400715e-40 5.736152510448681596e+02 3.499042910167218090e+37
4.092984818452400715e-40 7.278953843983146044e+02 3.481095569419929797e+37
4.092984818452400715e-40 9.236708571873865594e+02 3.485836727736976373e+37
4.092984818452400715e-40 1.172102297533480623e+03 3.536624788570991817e+37
4.092984818452400715e-40 1.487352107293511835e+03 3.648131886473739757e+37
4.092984818452400715e-40 1.887391822135097755e+03 3.824042027413593412e+37
4.092984818452400715e-40 2.395026619987485901e+03 4.061206057432266472e+37
4.092984818452400715e-40 3.039195382313198024e+03 4.363752073054632157e+37
4.092984818452400715e-40 3.856620421163472201e+03 4.758814873185967540e+37
4.092984818452400715e-40 4.893900918477494088e+03 5.294820779964444618e+37
4.092984818452400715e-40 6.210169418915616006e+03 5.990055622587011865e+37
4.092984818452400715e-40 7.880462815669912743e+03 6.819240125868998722e+37
4.092984818452400715e-40 1.000000000000000000e+04 7.691004018926188795e+37
4.961947603002938335e-40 1.000000000000000000e+01 2.487196930204438172e+37
4.961947603002938335e-40 1.268961003167922108e+01 2.378403329305098715e+37
4.961947603002938335e-40 1.610262027560939302e+01 2.321450840895637869e+37
4.961947603002938335e-40 2.043359717856941771e+01 2.320355106138709513e+37
4.961947603002938335e-40 2.592943797404667094e+01 2.372611976166947813e+37
4.961947603002938335e-40 3.290344562312667875e+01 2.465358117289689553e+37
4.961947603002938335e-40 4.175318936560400118e+01 2.575837744418709120e+37
4.961947603002938335e-40 5.298316906283707084e+01 2.689952879258873115e+37
4.961947603002938335e-40 6.723357536499334230e+01 2.776510554451062722e+37
4.961947603002938335e-40 8.531678524172805567e+01 2.814600663697637840e+37
4.961947603002938335e-40 1.082636733874054045e+02 2.802713550160232190e+37
4.961947603002938335e-40 1.373823795883263870e+02 2.758884038925567855e+37
4.961947603002938335e-40 1.743328822199987371e+02 2.710730907450151182e+37
4.961947603002938335e-40 2.212216291070450325e+02 2.679102993247384036e+37
4.961947603002938335e-40 2.807216203941175650e+02 2.667475645867498043e+37
4.961947603002938335e-40 3.562247890262444230e+02 2.665690856272274272e+37
4.961947603002938335e-40 4.520353656360240393e+02 2.660680144519312231e+37
4.961947603002938335e-40 5.736152510448681596e+02 2.646995522861589162e+37
4.961947603002938335e-40 7.278953843983146044e+02 2.632896635790232954e+37
4.961947603002938335e-40 9.236708571873865594e+02 2.636620629197120097e+37
4.961947603002938335e-40 1.172102297533480623e+03 2.676535886451701408e+37
4.961947603002938335e-40 1.487352107293511835e+03 2.764320925552464787e+37
4.961947603002938335e-40 1.887391822135097755e+03 2.903229626189974074e+37
4.961947603002938335e-40 2.395026619987485901e+03 3.091341253355389576e+37
4.961947603002938335e-40 3.039195382313198024e+03 3.332755798441294245e+37
4.961947603002938335e-40 3.856620421163472201e+03 3.650605944425730668e+37
4.961947603002938335e-40 4.893900918477494088e+03 4.080956691947407483e+37
4.961947603002938335e-40 6.210169418915616006e+03 4.655744023113627853e+37
4.961947603002938335e-40 7.880462815669912743e+03 5.349775798677939030e+37
4.961947603002938335e-40 1.000000000000000000e+04 6.097011125277907287e+37
6.015395880274783363e-40 1.000000000000000000e+01 1.872252234447091020e+37
6.015395880274783363e-40 1.268961003167922108e+01 1.787677893126525462e+37
6.015395880274783363e-40 1.610262027560939302e+01 1.743496478355362550e+37
6.015395880274783363e-40 2.043359717856941771e+01 1.742647084123083651e+37
6.015395880274783363e-40 2.592943797404667094e+01 1.783182318848636630e+37
6.015395880274783363e-40 3.290344562312667875e+01 1.855256503551112566e+37
6.015395880274783363e-40 4.175318936560400118e+01 1.944604900837836140e+37
6.015395880274783363e-40 5.298316906283707084e+01 2.033775153516749672e+37
6.015395880274783363e-40 6.723357536499334230e+01 2.098153451017370716e+37
6.015395880274783363e-40 8.531678524172805567e+01 2.128033694393342541e+37
6.015395880274783363e-40 1.082636733874054045e+02 2.118705584924521539e+37
6.015395880274783363e-40 1.373823795883263870e+02 2.084335652627933417e+37
6.015395880274783363e-40 1.743328822199987371e+02 2.046619784154175876e+37
6.015395880274783363e-40 2.212216291070450325e+02 2.025286395582935905e+37
6.015395880274783363e-40 2.807216203941175650e+02 2.016191848174750550e+37
6.015395880274783363e-40 3.562247890262444230e+02 2.014796068772642768e+37
6.015395880274783363e-40 4.520353656360240393e+02 2.010877807566527506e+37
6.015395880274783363e-40 5.736152510448681596e+02 2.000179173495319726e+37
6.015395880274783363e-40 7.278953843983146044e+02 1.989160377594620108e+37
6.015395880274783363e-40 9.236708571873865594e+02 1.992070447672421897e+37
6.015395880274783363e-40 1.172102297533480623e+03 2.023278264124105023e+37
6.015395880274783363e-40 1.487352107293511835e+03 2.088597286453606393e+37
6.015395880274783363e-40 1.887391822135097755e+03 2.197672870124219435e+37
6.015395880274783363e-40 2.395026619987485901e+03 2.346006532133725069e+37
6.015395880274783363e-40 3.039195382313198024e+03 2.537445109036534854e+37
6.015395880274783363e-40 3.856620421163472201e+03 2.791429071742385294e+37
6.015395880274783363e-40 4.893900918477494088e+03 3.139165205683288284e+37
6.015395880274783363e-40 6.210169418915616006e+03 3.607163223774896172e+37
6.015395880274783363e-40 7.880462815669912743e+03 4.183991763445679376e+37
6.015395880274783363e-40 1.000000000000000000e+04 4.819542690836813293e+37
7.292496916841503937e-40 1.000000000000000000e+01 1.405604130481857151e+37
7.292496916841503937e-40 1.268961003167922108e+01 1.340176510308555045e+37
7.292496916841503937e-40 1.610262027560939302e+01 1.306065764859774496e+37
7.292496916841503937e-40 2.043359717856941771e+01 1.305410447747795908e+37
7.292496916841503937e-40 2.592943797404667094e+01 1.336703520820037525e+37
7.292496916841503937e-40 3.290344562312667875e+01 1.392442246851322614e+37
7.292496916841503937e-40 4.175318936560400118e+01 1.461713482366460966e+37
7.292496916841503937e-40 5.298316906283707084e+01 1.531037930202683763e+37
7.292496916841503937e-40 6.723357536499334230e+01 1.583877326597625085e+37
7.292496916841503937e-40 8.531678524172805567e+01 1.607200016221080112e+37
7.292496916841503937e-40 1.082636733874054045e+02 1.599916858132943913e+37
7.292496916841503937e-40 1.373823795883263870e+02 1.573098738002547447e+37
7.292496916841503937e-40 1.743328822199987371e+02 1.543701192930626892e+37
7.292496916841503937e-40 2.212216291070450325e+02 1.524430234193067197e+37
7.292496916841503937e-40 2.807216203941175650e+02 1.517352906427866308e+37
7.292496916841503937e-40 3.562247890262444230e+02 1.516266894055344242e+37
7.292496916841503937e-40 4.520353656360240393e+02 1.513218467114436377e+37
7.292496916841503937e-40 5.736152510448681596e+02 1.504896751853379849e+37
7.292496916841503937e-40 7.278953843983146044e+02 1.496328877420043803e+37
7.292496916841503937e-40 9.236708571873865594e+02 1.498591373622113551e+37
7.292496916841503937e-40 1.172102297533480623e+03 1.522867346424338931e+37
7.292496916841503937e-40 1.487352107293511835e+03 1.576422701623695840e+37
7.292496916841503937e-40 1.887391822135097755e+03 1.661636375710984600e+37
7.292496916841503937e-40 2.395026619987485901e+03 1.775168718535367424e+37
7.292496916841503937e-40 3.039195382313198024e+03 1.926093248056419503e+37
7.292496916841503937e-40 3.856620421163472201e+03 2.127764104736736842e+37
7.292496916841503937e-40 4.893900918477494088e+03 2.406732858214819616e+37
7.292496916841503937e-40 6.210169418915616006e+03 2.785856548971012027e+37
7.292496916841503937e-40 7.880462815669912743e+03 3.262001470534480544e+37
7.292496916841503937e-40 1.000000000000000000e+04 3.798533639955880025e+37
8.840733401524990701e-40 1.000000000000000000e+01 1.052569071874419577e+37
8.840733401524990701e-40 1.268961003167922108e+01 1.002188794462975535e+37
8.840733401524990701e-40 1.610262027560939302e+01 9.759733612517430722e+36
8.840733401524990701e-40 2.043359717856941771e+01 9.754700674414105537e+36
8.840733401524990701e-40 2.592943797404667094e+01 9.995180984057979136e+36
8.840733401524990701e-40 3.290344562312667875e+01 1.042424036285216559e+37
8.840733401524990701e-40 4.175318936560400118e+01 1.095875074292373419e+37
8.840733401524990701e-40 5.298316906283707084e+01 1.149509039035076237e+37
8.840733401524990701e-40 6.723357536499334230e+01 1.190484003633197652e+37
8.840733401524990701e-40 8.531678524172805567e+01 1.208595940732729069e+37
8.840733401524990701e-40 1.082636733874054045e+02 1.202938270955059544e+37
8.840733401524990701e-40 1.373823795883263870e+02 1.182118812317528170e+37
8.840733401524990701e-40 1.743328822199987371e+02 1.159321271399011127e+37
8.840733401524990701e-40 2.212216291070450325e+02 1.144390800000933177e+37
8.840733401524990701e-40 2.807216203941175650e+02 1.138910214252026192e+37
8.840733401524990701e-40 3.562247890262444230e+02 1.138069351527183013e+37
8.840733401524990701e-40 4.520353656360240393e+02 1.135709242837840350e+37
8.840733401524990701e-40 5.736152510448681596e+02 1.129267917823550476e+37
8.840733401524990701e-40 7.278953843983146044e+02 1.122638186969089797e+37
8.840733401524990701e-40 9.236708571873865594e+02 1.124388671910562387e+37
8.840733401524990701e-40 1.172102297533480623e+03 1.143180394359308007e+37
8.840733401524990701e-40 1.487352107293511835e+03 1.184698256768499268e+37
8.840733401524990701e-40 1.887391822135097755e+03 1.250932413452737941e+37
8.840733401524990701e-40 2.395026619987485901e+03 1.341695448446713599e+37
8.840733401524990701e-40 3.039195382313198024e+03 1.457750487987834500e+37
8.840733401524990701e-40 3.856620421163472201e+03 1.616939321431829714e+37
8.840733401524990701e-40 4.893900918477494088e+03 1.839264940705958516e+37
8.840733401524990701e-40 6.210169418915616006e+03 2.143517161485145936e+37
8.840733401524990701e-40 7.880462815669912743e+03 2.535146736892648079e+37
8.840733401524990701e-40 1.000000000000000000e+04 2.984818896701835073e+37
1.071766885445512125e-39 1.000000000000000000e+01 7.862741355444297974e+36
1.071766885445512125e-39 1.268961003167922108e+01 7.476528728228307286e+36
1.071766885445512125e-39 1.610262027560939302e+01 7.275930533817660812e+36
1.071766885445512125e-39 2.043359717856941771e+01 7.272081873542821132e+36
1.071766885445512125e-39 2.592943797404667094e+01 7.456081334873159294e+36
1.071766885445512125e-39 3.290344562312667875e+01 7.784895433214903566e+36
1.071766885445512125e-39 4.175318936560400118e+01 8.195464042858972421e+36
1.071766885445512125e-39 5.298316906283707084e+01 8.608482988948620976e+36
1.071766885445512125e-39 6.723357536499334230e+01 8.924720430652512231e+36
1.071766885445512125e-39 8.531678524172805567e+01 9.064698176413282045e+36
1.071766885445512125e-39 1.082636733874054045e+02 9.020960288594398371e+36
1.071766885445512125e-39 1.373823795883263870e+02 8.860109122415942158e+36
1.071766885445512125e-39 1.743328822199987371e+02 8.684155554920073608e+36
1.071766885445512125e-39 2.212216291070450325e+02 8.569024041073717857e+36
1.071766885445512125e-39 2.807216203941175650e+02 8.526782102941915930e+36
1.071766885445512125e-39 3.562247890262444230e+02 8.520302066250005380e+36
1.071766885445512125e-39 4.520353656360240393e+02 8.502115458584297732e+36
1.071766885445512125e-39 5.736152510448681596e+02 8.452489942217764691e+36
1.071766885445512125e-39 7.278953843983146044e+02 8.401428614606582540e+36
1.071766885445512125e-39 9.236708571873865594e+02 8.414909069021423520e+36
1.071766885445512125e-39 1.172102297533480623e+03 8.559693832484932792e+36
1.071766885445512125e-39 1.487352107293511835e+03 8.880030329585262610e+36
1.071766885445512125e-39 1.887391822135097755e+03 9.392356885744699916e+36
1.071766885445512125e-39 2.395026619987485901e+03 1.009697837607332053e+37
1.071766885445512125e-39 3.039195382313198024e+03 1.102011021829374039e+37
1.071766885445512125e-39 3.856620421163472201e+03 1.225109467876243127e+37
1.071766885445512125e-39 4.893900918477494088e+03 1.401208643390564319e+37
1.071766885445512125e-39 6.210169418915616006e+03 1.645446692719269098e+37
1.071766885445512125e-39 7.880462815669912743e+03 1.963994994420293083e+37
1.071766885445512125e-39 1.000000000000000000e+04 2.338228306914774295e+37
1.299308784200406547e-39 1.000000000000000000e+01 5.859791578085077740e+36
1.299308784200406547e-39 1.268961003167922108e+01 5.556245715171227962e+36
1.299308784200406547e-39 1.610262027560939302e+01 5.405239878506145837e+36
1.299308784200406547e-39 2.043359717856941771e+01 5.402341174078460974e+36
1.299308784200406547e-39 2.592943797404667094e+01 5.540861189665015617e+36
1.299308784200406547e-39 3.290344562312667875e+01 5.800313767924078450e+36
1.299308784200406547e-39 4.175318936560400118e+01 6.114315132018547785e+36
1.299308784200406547e-39 5.298316906283707084e+01 6.430955294777290272e+36
1.299308784200406547e-39 6.723357536499334230e+01 6.673913245332849607e+36
1.299308784200406547e-39 8.531678524172805567e+01 6.781596979897181719e+36
1.299308784200406547e-39 1.082636733874054045e+02 6.747940430324018389e+36
1.299308784200406547e-39 1.373823795883263870e+02 6.624236960922298451e+36
1.299308784200406547e-39 1.743328822199987371e+02 6.489051352777722637e+36
1.299308784200406547e-39 2.212216291070450325e+02 6.400671234549349985e+36
1.299308784200406547e-39 2.807216203941175650e+02 6.368258986863060688e+36
1.299308784200406547e-39 3.562247890262444230e+02 6.363287558961848524e+36
1.299308784200406547e-39 4.520353656360240393e+02 6.349335954276676695e+36
1.299308784200406547e-39 5.736152510448681596e+02 6.311273950975582175e+36
1.299308784200406547e-39 7.278953843983146044e+02 6.272122211503306724e+36
1.299308784200406547e-39 9.236708571873865594e+02 6.282457335423688034e+36
1.299308784200406547e-39 1.172102297533480623e+03 6.393511477496871044e+36
1.299308784200406547e-39 1.487352107293511835e+03 6.639551857950599543e+36
1.299308784200406547e-39 1.887391822135097755e+03 7.034002952530253424e+36
1.299308784200406547e-39 2.395026619987485901e+03 7.578402799879040122e+36
1.299308784200406547e-39 3.039195382313198024e+03 8.294931727633516774e+36
1.299308784200406547e-39 3.856620421163472201e+03 9.255620284669331314e+36
1.299308784200406547e-39 4.893900918477494088e+03 1.064244360521651230e+37
1.299308784200406547e-39 6.210169418915616006e+03 1.259006157338430789e+37
1.299308784200406547e-39 7.880462815669912743e+03 1.516679862189198878e+37
1.299308784200406547e-39 1.000000000000000000e+04 1.826007661288414833e+37
1.575159057091637488e-39 1.000000000000000000e+01 4.352391924836809515e+36
1.575159057091637488e-39 1.268961003167922108e+01 4.130132361684637563e+36
1.575159057091637488e-39 1.610262027560939302e+01 4.014829211214938219e+36
1.575159057091637488e-39 2.043359717856941771e+01 4.012618208356233903e+36
1.575159057091637488e-39 2.592943797404667094e+01 4.118374216687609013e+36
1.575159057091637488e-39 3.290344562312667875e+01 4.307571378038809791e+36
1.575159057091637488e-39 4.175318936560400118e+01 4.544024433419722156e+36
1.575159057091637488e-39 5.298316906283707084e+01 4.793005515316932615e+36
1.575159057091637488e-39 6.723357536499334230e+01 4.978855137831376411e+36
1.575159057091637488e-39 8.531678524172805567e+01 5.061331141402203065e+36
1.575159057091637488e-39 1.082636733874054045e+02 5.035546430431826326e+36
1.575159057091637488e-39 1.373823795883263870e+02 4.940828569578788910e+36
1.575159057091637488e-39 1.743328822199987371e+02 4.837415655769910752e+36
1.575159057091637488e-39 2.212216291070450325e+02 4.769862699174429278e+36
1.575159057091637488e-39 2.807216203941175650e+02 4.745099154674055053e+36
1.575159057091637488e-39 3.562247890262444230e+02 4.741301407369411859e+36
1.575159057091637488e-39 4.520353656360240393e+02 4.730644300178743284e+36
1.575159057091637488e-39 5.736152510448681596e+02 4.701575640684804106e+36
1.575159057091637488e-39 7.278953843983146044e+02 4.671683100654286478e+36
1.575159057091637488e-39 9.236708571873865594e+02 4.679573189846552039e+36
1.575159057091637488e-39 1.172102297533480623e+03 4.764392015436261413e+36
1.575159057091637488e-39 1.487352107293511835e+03 4.952550825084683685e+36
1.575159057091637488e-39 1.887391822135097755e+03 5.254900924019792483e+36
1.575159057091637488e-39 2.395026619987485901e+03 5.673582960241502778e+36
1.575159057091637488e-39 3.039195382313198024e+03 6.227090502780471860e+36
1.575159057091637488e-39 3.856620421163472201e+03 6.985388168674019029e+36
1.575159057091637488e-39 4.893900918477494088e+03 8.059304496099015537e+36
1.575159057091637488e-39 6.210169418915616006e+03 9.602829054346270093e+36
1.575159057091637488e-39 7.880462815669912743e+03 1.166882724316714362e+37
1.575159057091637488e-39 1.000000000000000000e+04 1.421509785752084776e+37
1.909573832878084783e-39 1.000000000000000000e+01 3.231663775136477432e+36
1.909573832878084783e-39 1.268961003167922108e+01 3.062597067739850298e+36
1.909573832878084783e-39 1.610262027560939302e+01 2.975114776673103016e+36
1.909573832878084783e-39 2.043359717856941771e+01 2.973438709406073466e+36
1.909573832878084783e-39 2.592943797404667094e+01 3.053669154203520490e+36
1.909573832878084783e-39 3.290344562312667875e+01 3.197522282713853514e+36
1.909573832878084783e-39 4.175318936560400118e+01 3.377923323983399849e+36
1.909573832878084783e-39 5.298316906283707084e+01 3.560145840343502253e+36
1.909573832878084783e-39 6.723357536499334230e+01 3.700072124648727394e+36
1.909573832878084783e-39 8.531678524172805567e+01 3.762096633744943395e+36
1.909573832878084783e-39 1.082636733874054045e+02 3.742711211077036499e+36
1.909573832878084783e-39 1.373823795883263870e+02 3.671458532360254636e+36
1.909573832878084783e-39 1.743328822199987371e+02 3.593599477111537238e+36
1.909573832878084783e-39 2.212216291070450325e+02 3.542708828850926555e+36
1.909573832878084783e-39 2.807216203941175650e+02 3.524048092176884797e+36
1.909573832878084783e-39 3.562247890262444230e+02 3.521186048674370153e+36
1.909573832878084783e-39 4.520353656360240393e+02 3.513154372847884808e+36
1.909573832878084783e-39 5.736152510448681596e+02 3.491244707556441470e+36
1.909573832878084783e-39 7.278953843983146044e+02 3.468710920921456951e+36
1.909573832878084783e-39 9.236708571873865594e+02 3.474658970708583955e+36
1.909573832878084783e-39 1.172102297533480623e+03 3.538586582022806171e+36
1.909573832878084783e-39 1.487352107293511835e+03 3.680280245591292786e+36
1.909573832878084783e-39 1.887391822135097755e+03 3.916602199649676948e+36
1.909573832878084783e-39 2.395026619987485901e+03 4.237187857541885193e+36
1.909573832878084783e-39 3.039195382313198024e+03 4.662807799317782494e+36
1.909573832878084783e-39 3.856620421163472201e+03 5.249190682154641182e+36
1.909573832878084783e-39 4.893900918477494088e+03 6.085696483998158245e+36
1.909573832878084783e-39 6.210169418915616006e+03 7.301906057215071722e+36
1.909573832878084783e-39 7.880462815669912743e+03 8.956601080611248417e+36
1.909573832878084783e-39 1.000000000000000000e+04 1.103109552189272121e+37
2.314986671851184528e-39 1.000000000000000000e+01 2.394019935210546088e+36
2.314986671851184528e-39 1.268961003167922108e+01 2.266142394882074428e+36
2.314986671851184528e-39 1.610262027560939302e+01 2.200111605156420643e+36
2.314986671851184528e-39 2.043359717856941771e+01 2.198847419815697093e+36
2.314986671851184528e-39 2.592943797404667094e+01 2.259399498326231803e+36
2.314986671851184528e-39 3.290344562312667875e+01 2.368166851095369631e+36
2.314986671851184528e-39 4.175318936560400118e+01 2.504949249387005907e+36
2.314986671851184528e-39 5.298316906283707084e+01 2.643577542348835086e+36
2.314986671851184528e-39 6.723357536499334230e+01 2.750369277623281943e+36
2.314986671851184528e-39 8.531678524172805567e+01 2.797806257359976011e+36
2.314986671851184528e-39 1.082636733874054045e+02 2.782973333427251488e+36
2.314986671851184528e-39 1.373823795883263870e+02 2.728506011219066543e+36
2.314986671851184528e-39 1.743328822199987371e+02 2.669081253626792196e+36
2.314986671851184528e-39 2.212216291070450325e+02 2.630290868364234526e+36
2.314986671851184528e-39 2.807216203941175650e+02 2.616076824143891036e+36
2.314986671851184528e-39 3.562247890262444230e+02 2.613897243358758682e+36
2.314986671851184528e-39 4.520353656360240393e+02 2.607781398433899179e+36
2.314986671851184528e-39 5.736152510448681596e+02 2.591102823046938012e+36
2.314986671851184528e-39 7.278953843983146044e+02 2.573956537438051368e+36
2.314986671851184528e-39 9.236708571873865594e+02 2.578481769056577455e+36
2.314986671851184528e-39 1.172102297533480623e+03 2.627150466315076520e+36
2.314986671851184528e-39 1.487352107293511835e+03 2.735245368599561305e+36
2.314986671851184528e-39 1.887391822135097755e+03 2.909219589160632700e+36
2.314986671851184528e-39 2.395026619987485901e+03 3.157095999328069132e+36
2.314986671851184528e-39 3.039195382313198024e+03 3.482946236949031678e+36
2.314986671851184528e-39 3.856620421163472201e+03 3.934296443992475042e+36
2.314986671851184528e-39 4.893900918477494088e+03 4.590856166747014647e+36
2.314986671851184528e-39 6.210169418915616006e+03 5.535750984509741447e+36
2.314986671851184528e-39 7.880462815669912743e+03 6.852477307936290579e+36
2.314986671851184528e-39 1.000000000000000000e+04 8.533047044309489231e+36
2.806470846309821667e-39 1.000000000000000000e+01 1.769899774439699141e+36
2.806470846309821667e-39 1.268961003167922108e+01 1.673622630493549972e+36
2.806470846309821667e-39 1.610262027560939302e+01 1.623994773065531746e+36
2.806470846309821667e-39 2.043359717856941771e+01 1.623045185986382958e+36
2.806470846309821667e-39 2.592943797404667094e+01 1.668552149819941564e+36
2.806470846309821667e-39 3.290344562312667875e+01 1.750417226676963376e+36
2.806470846309821667e-39 4.175318936560400118e+01 1.853603436486159809e+36
2.806470846309821667e-39 5.298316906283707084e+01 1.958468331569180200e+36
2.806470846309821667e-39 6.723357536499334230e+01 2.039461011277708745e+36
2.806470846309821667e-39 8.531678524172805567e+01 2.075499985093634912e+36
2.806470846309821667e-39 1.082636733874054045e+02 2.064226867956382643e+36
2.806470846309821667e-39 1.373823795883263870e+02 2.022863828452909982e+36
2.806470846309821667e-39 1.743328822199987371e+02 1.977793415760055983e+36
2.806470846309821667e-39 2.212216291070450325e+02 1.948404606601799396e+36
2.806470846309821667e-39 2.807216203941175650e+02 1.937641595747321426e+36
2.806470846309821667e-39 3.562247890262444230e+02 1.935991480979931658e+36
2.806470846309821667e-39 4.520353656360240393e+02 1.931361706059136403e+36
2.806470846309821667e-39 5.736152510448681596e+02 1.918738808863525612e+36
2.806470846309821667e-39 7.278953843983146044e+02 1.905766482654823682e+36
2.806470846309821667e-39 9.236708571873865594e+02 1.909189680438271567e+36
2.806470846309821667e-39 1.172102297533480623e+03 1.946026386191656994e+36
2.806470846309821667e-39 1.487352107293511835e+03 2.027979174514347679e+36
2.806470846309821667e-39 1.887391822135097755e+03 2.160300794634644862e+36
2.806470846309821667e-39 2.395026619987485901e+03 2.344637063443468097e+36
2.806470846309821667e-39 3.039195382313198024e+03 2.595565424462722030e+36
2.806470846309821667e-39 3.856620421163472201e+03 2.941445428894461800e+36
2.806470846309821667e-39 4.893900918477494088e+03 3.448196965958387145e+36
2.806470846309821667e-39 6.210169418915616006e+03 4.184642107439477314e+36
2.806470846309821667e-39 7.880462815669912743e+03 5.226132341522281156e+36
2.806470846309821667e-39 1.000000000000000000e+04 6.574690811228732402e+36
3.402299765678050548e-39 1.000000000000000000e+01 1.306111763173773081e+36
3.402299765678050548e-39 1.268961003167922108e+01 1.233903947485925017e+36
3.402299765678050548e-39 1.610262027560939302e+01 1.196737628133944022e+36
3.402299765678050548e-39 2.043359717856941771e+01 1.196026840422720262e+36
3.402299765678050548e-39 2.592943797404667094e+01 1.230104990661856314e+36
3.402299765678050548e-39 3.290344562312667875e+01 1.291488401825952452e+36
3.402299765678050548e-39 4.175318936560400118e+01 1.369006822199249826e+36
3.402299765678050548e-39 5.298316906283707084e+01 1.447964280316105806e+36
3.402299765678050548e-39 6.723357536499334230e+01 1.509077068809532021e+36
3.402299765678050548e-39 8.531678524172805567e+01 1.536308266131179236e+36
3.402299765678050548e-39 1.082636733874054045e+02 1.527787671471159229e+36
3.402299765678050548e-39 1.373823795883263870e+02 1.496544053871129808e+36
3.402299765678050548e-39 1.743328822199987371e+02 1.462535285844304685e+36
3.402299765678050548e-39 2.212216291070450325e+02 1.440378788351347844e+36
3.402299765678050548e-39 2.807216203941175650e+02 1.432268140989037852e+36
3.402299765678050548e-39 3.562247890262444230e+02 1.431024844739938017e+36
3.402299765678050548e-39 4.520353656360240393e+02 1.427536740472538753e+36
3.402299765678050548e-39 5.736152510448681596e+02 1.418028414355681071e+36
3.402299765678050548e-39 7.278953843983146044e+02 1.408259683738759084e+36
3.402299765678050548e-39 9.236708571873865594e+02 1.410837226241644193e+36
3.402299765678050548e-39 1.172102297533480623e+03 1.438586469350861889e+36
3.402299765678050548e-39 1.487352107293511835e+03 1.500406349149047808e+36
3.402299765678050548e-39 1.887391822135097755e+03 1.600481055916527560e+36
3.402299765678050548e-39 2.395026619987485901e+03 1.740479157284165016e+36
3.402299765678050548e-39 3.039195382313198024e+03 1.927810789038974434e+36
3.402299765678050548e-39 3.856620421163472201e+03 2.193925072031383580e+36
3.402299765678050548e-39 4.893900918477494088e+03 2.583279342081680782e+36
3.402299765678050548e-39 6.210169418915616006e+03 3.159917570609112198e+36
3.402299765678050548e-39 7.880462815669912743e+03 3.973561834323561889e+36
3.402299765678050548e-39 1.000000000000000000e+04 5.055392840611335023e+36
4.124626382901330969e-39 1.000000000000000000e+01 9.622680465701277314e+35
4.124626382901330969e-39 1.268961003167922108e+01 9.082904851791869516e+35
4.124626382901330969e-39 1.610262027560939302e+01 8.805433684633611399e+35
4.124626382901330969e-39 2.043359717856941771e+01 8.800129561140561595e+35
4.124626382901330969e-39 2.592943797404667094e+01 9.054532060132720465e+35
4.124626382901330969e-39 3.290344562312667875e+01 9.513291559240654580e+35
4.124626382901330969e-39 4.175318936560400118e+01 1.009360182344572794e+36
4.124626382901330969e-39 5.298316906283707084e+01 1.068582124711036569e+36
4.124626382901330969e-39 6.723357536499334230e+01 1.114501299293646829e+36
4.124626382901330969e-39 8.531678524172805567e+01 1.134986099786134441e+36
4.124626382901330969e-39 1.082636733874054045e+02 1.128574841471723957e+36
4.124626382901330969e-39 1.373823795883263870e+02 1.105078166566707201e+36
4.124626382901330969e-39 1.743328822199987371e+02 1.079523873622702144e+36
4.124626382901330969e-39 2.212216291070450325e+02 1.062887546471670141e+36
4.124626382901330969e-39 2.807216203941175650e+02 1.056799935114875665e+36
4.124626382901330969e-39 3.562247890262444230e+02 1.055866864138644241e+36
4.124626382901330969e-39 4.520353656360240393e+02 1.053249262191847161e+36
4.124626382901330969e-39 5.736152510448681596e+02 1.046115030367461277e+36
4.124626382901330969e-39 7.278953843983146044e+02 1.038787184134154397e+36
4.124626382901330969e-39 9.236708571873865594e+02 1.040720509455522893e+36
4.124626382901330969e-39 1.172102297533480623e+03 1.061542177419612480e+36
4.124626382901330969e-39 1.487352107293511835e+03 1.107981812269032346e+36
4.124626382901330969e-39 1.887391822135097755e+03 1.183320373196806538e+36
4.124626382901330969e-39 2.395026619987485901e+03 1.289075002631617722e+36
4.124626382901330969e-39 3.039195382313198024e+03 1.431323909393519252e+36
4.124626382901330969e-39 3.856620421163472201e+03 1.630268584416777292e+36
4.124626382901330969e-39 4.893900918477494088e+03 1.930536806834531651e+36
4.124626382901330969e-39 6.210169418915616006e+03 2.375812799033699216e+36
4.124626382901330969e-39 7.880462815669912743e+03 3.012200537913370425e+36
4.124626382901330969e-39 1.000000000000000000e+04 3.874368792248713086e+36
5.000306842491069186e-39 1.000000000000000000e+01 7.078767373996690954e+35
5.000306842491069186e-39 1.268961003167922108e+01 6.676448839754114129e+35
5.000306842491069186e-39 1.610262027560939302e+01 6.469879216878686859e+35
5.000306842491069186e-39 2.043359717856941771e+01 6.465932056505273000e+35
5.000306842491069186e-39 2.592943797404667094e+01 6.655318578517843921e+35
5.000306842491069186e-39 3.290344562312667875e+01 6.997184780322604780e+35
5.000306842491069186e-39 4.175318936560400118e+01 7.430274936206257824e+35
5.000306842491069186e-39 5.298316906283707084e+01 7.873002442234621907e+35
5.000306842491069186e-39 6.723357536499334230e+01 8.216811373533539873e+35
5.000306842491069186e-39 8.531678524172805567e+01 8.370338319482813609e+35
5.000306842491069186e-39 1.082636733874054045e+02 8.322277834322221972e+35
5.000306842491069186e-39 1.373823795883263870e+02 8.146219203915201948e+35
5.000306842491069186e-39 1.743328822199987371e+02 7.954883241578024171e+35
5.000306842491069186e-39 2.212216291070450325e+02 7.830398116414016365e+35
5.000306842491069186e-39 2.807216203941175650e+02 7.784861144703068346e+35
5.000306842491069186e-39 3.562247890262444230e+02 7.777882238876672243e+35
5.000306842491069186e-39 4.520353656360240393e+02 7.758304896063155067e+35
5.000306842491069186e-39 5.736152510448681596e+02 7.704954753072848763e+35
5.000306842491069186e-39 7.278953843983146044e+02 7.650168292504390752e+35
5.000306842491069186e-39 9.236708571873865594e+02 7.664621614967359262e+35
5.000306842491069186e-39 1.172102297533480623e+03 7.820333695663214845e+35
5.000306842491069186e-39 1.487352107293511835e+03 8.167969717965561948e+35
5.000306842491069186e-39 1.887391822135097755e+03 8.732968165756085972e+35
5.000306842491069186e-39 2.395026619987485901e+03 9.528333586940076887e+35
5.000306842491069186e-39 3.039195382313198024e+03 1.060273399205461621e+36
5.000306842491069186e-39 3.856620421163472201e+03 1.211552396971852607e+36
5.000306842491069186e-39 4.893900918477494088e+03 1.439331607052104414e+36
5.000306842491069186e-39 6.210169418915616006e+03 1.781609602766671748e+36
5.000306842491069186e-39 7.880462815669912743e+03 2.276828775409555492e+36
5.000306842491069186e-39 1.000000000000000000e+04 2.959746151284035059e+36
6.061898993497547928e-39 1.000000000000000000e+01 5.200205864124886290e+35
6.061898993497547928e-39 1.268961003167922108e+01 4.901139691652931081e+35
6.061898993497547928e-39 1.610262027560939302e+01 4.747750332118941155e+35
6.061898993497547928e-39 2.043359717856941771e+01 4.744820454207244874e+35
6.061898993497547928e-39 2.592943797404667094e+01 4.885444157639417088e+35
6.061898993497547928e-39 3.290344562312667875e+01 5.139526577461814066e+35
6.061898993497547928e-39 4.175318936560400118e+01 5.461848543132553985e+35
6.061898993497547928e-39 5.298316906283707084e+01 5.791849908485243644e+35
6.061898993497547928e-39 6.723357536499334230e+01 6.048472983399031549e+35
6.061898993497547928e-39 8.531678524172805567e+01 6.163167750573847337e+35
6.061898993497547928e-39 1.082636733874054045e+02 6.127256700362409626e+35
6.061898993497547928e-39 1.373823795883263870e+02 5.995756496367714006e+35
6.061898993497547928e-39 1.743328822199987371e+02 5.852938184580640888e+35
6.061898993497547928e-39 2.212216291070450325e+02 5.760071130944624529e+35
6.061898993497547928e-39 2.807216203941175650e+02 5.726110127662237651e+35
6.061898993497547928e-39 3.562247890262444230e+02 5.720905810940204298e+35
6.061898993497547928e-39 4.520353656360240393e+02 5.706307254610028328e+35
6.061898993497547928e-39 5.736152510448681596e+02 5.666529868453075395e+35
6.061898993497547928e-39 7.278953843983146044e+02 5.625689319173881614e+35
6.061898993497547928e-39 9.236708571873865594e+02 5.636462780620405848e+35
6.061898993497547928e-39 1.172102297533480623e+03 5.752564723042521557e+35
6.061898993497547928e-39 1.487352107293511835e+03 6.011998074725963081e+35
6.061898993497547928e-39 1.887391822135097755e+03 6.434325011621404017e+35
6.061898993497547928e-39 2.395026619987485901e+03 7.030309664834637027e+35
6.061898993497547928e-39 3.039195382313198024e+03 7.838257076549061400e+35
6.061898993497547928e-39 3.856620421163472201e+03 8.982166375213787340e+35
6.061898993497547928e-39 4.893900918477494088e+03 1.069313154437710057e+36
6.061898993497547928e-39 6.210169418915616006e+03 1.332668996209184437e+36
6.061898993497547928e-39 7.880462815669912743e+03 1.719155440695920992e+36
6.061898993497547928e-39 1.000000000000000000e+04 2.254003755736211145e+36
7.348872892180357563e-39 1.000000000000000000e+01 3.821171017400034989e+35
7.348872892180357563e-39 1.268961003167922108e+01 3.599318978957983010e+35
7.348872892180357563e-39 1.610262027560939302e+01 3.485628104417048982e+35
7.348872892180357563e-39 2.043359717856941771e+01 3.483457131230799745e+35
7.348872892180357563e-39 2.592943797404667094e+01 3.587682647215010529e+35
7.348872892180357563e-39 3.290344562312667875e+01 3.776137950498932114e+35
7.348872892180357563e-39 4.175318936560400118e+01 4.009627154916960485e+35
7.348872892180357563e-39 5.298316906283707084e+01 4.254947642220093296e+35
7.348872892180357563e-39 6.723357536499334230e+01 4.445960559870083008e+35
7.348872892180357563e-39 8.531678524172805567e+01 4.531399661028932685e+35
7.348872892180357563e-39 1.082636733874054045e+02 4.504644071291465490e+35
7.348872892180357563e-39 1.373823795883263870e+02 4.406704560483375048e+35
7.348872892180357563e-39 1.743328822199987371e+02 4.300398267686743550e+35
7.348872892180357563e-39 2.212216291070450325e+02 4.231308341445006659e+35
7.348872892180357563e-39 2.807216203941175650e+02 4.206049324761589210e+35
7.348872892180357563e-39 3.562247890262444230e+02 4.202178861219503562e+35
7.348872892180357563e-39 4.520353656360240393e+02 4.191322341495325485e+35
7.348872892180357563e-39 5.736152510448681596e+02 4.161744531981639469e+35
7.348872892180357563e-39 7.278953843983146044e+02 4.131381459101089481e+35
7.348872892180357563e-39 9.236708571873865594e+02 4.139390511571384264e+35
7.348872892180357563e-39 1.172102297533480623e+03 4.225725017218430519e+35
7.348872892180357563e-39 1.487352107293511835e+03 4.418798263567305462e+35
7.348872892180357563e-39 1.887391822135097755e+03 4.733559176827883380e+35
7.348872892180357563e-39 2.395026619987485901e+03 5.178721628607102704e+35
7.348872892180357563e-39 3.039195382313198024e+03 5.784073147056016450e+35
7.348872892180357563e-39 3.856620421163472201e+03 6.645098725487046805e+35
7.348872892180357563e-39 4.893900918477494088e+03 7.943137431929349388e+35
7.348872892180357563e-39 6.210169418915616006e+03 9.944646242360929484e+35
7.348872892180357563e-39 7.880462815669912743e+03 1.292464512230233780e+36
7.348872892180357563e-39 1.000000000000000000e+04 1.711351756906659226e+36
8.909078300934106706e-39 1.000000000000000000e+01 2.800715267238914109e+35
8.909078300934106706e-39 1.268961003167922108e+01 2.636515758461107666e+35
8.909078300934106706e-39 1.610262027560939302e+01 2.552443441686283019e+35
8.909078300934106706e-39 2.043359717856941771e+01 2.550838538321639683e+35
8.909078300934106706e-39 2.592943797404667094e+01 2.627908614411273026e+35
8.909078300934106706e-39 3.290344562312667875e+01 2.767369545385052240e+35
8.909078300934106706e-39 4.175318936560400118e+01 2.944676783853674077e+35
8.909078300934106706e-39 5.298316906283707084e+01 3.126666321793931286e+35
8.909078300934106706e-39 6.723357536499334230e+01 3.263745905371424114e+35
8.909078300934106706e-39 8.531678524172805567e+01 3.327224895640828840e+35
8.909078300934106706e-39 1.082636733874054045e+02 3.307343105885083449e+35
8.909078300934106706e-39 1.373823795883263870e+02 3.234589250112405952e+35
8.909078300934106706e-39 1.743328822199987371e+02 3.155663220701686912e+35
8.909078300934106706e-39 2.212216291070450325e+02 3.109120672064080801e+35
8.909078300934106706e-39 2.807216203941175650e+02 3.090374962201340852e+35
8.909078300934106706e-39 3.562247890262444230e+02 3.087502733192326544e+35
8.909078300934106706e-39 4.520353656360240393e+02 3.079446502757706953e+35
8.909078300934106706e-39 5.736152510448681596e+02 3.057499935280012909e+35
8.909078300934106706e-39 7.278953843983146044e+02 3.034973826959887284e+35
8.909078300934106706e-39 9.236708571873865594e+02 3.040915368670894809e+35
8.909078300934106706e-39 1.172102297533480623e+03 3.104976878131317337e+35
8.909078300934106706e-39 1.487352107293511835e+03 3.243571072500796523e+35
8.909078300934106706e-39 1.887391822135097755e+03 3.477538610943006656e+35
8.909078300934106706e-39 2.395026619987485901e+03 3.809098970986265798e+35
8.909078300934106706e-39 3.039195382313198024e+03 4.261216970865249536e+35
8.909078300934106706e-39 3.856620421163472201e+03 4.906848755024192640e+35
8.909078300934106706e-39 4.893900918477494088e+03 5.886531361443428397e+35
8.909078300934106706e-39 6.210169418915616006e+03 7.391375910566250205e+35
8.909078300934106706e-39 7.880462815669912743e+03 9.691415983575596239e+35
8.909078300934106706e-39 1.000000000000000000e+04 1.295525904846838352e+36
1.080052374516249543e-38 1.000000000000000000e+01 2.050598003270640171e+35
1.080052374516249543e-38 1.268961003167922108e+01 1.929311552310728157e+35
1.080052374516249543e-38 1.610262027560939302e+01 1.867261160098172933e+35
1.080052374516249543e-38 2.043359717856941771e+01 1.866076977333396223e+35
1.080052374516249543e-38 2.592943797404667094e+01 1.922957418500436325e+35
1.080052374516249543e-38 3.290344562312667875e+01 2.025956686254669711e+35
1.080052374516249543e-38 4.175318936560400118e+01 2.157041254791902876e+35
1.080052374516249543e-38 5.298316906283707084e+01 2.291742577717652845e+35
1.080052374516249543e-38 6.723357536499334230e+01 2.396839361302538197e+35
1.080052374516249543e-38 8.531678524172805567e+01 2.443909919785044387e+35
1.080052374516249543e-38 1.082636733874054045e+02 2.429165501114192361e+35
1.080052374516249543e-38 1.373823795883263870e+02 2.375224777016632502e+35
1.080052374516249543e-38 1.743328822199987371e+02 2.316732507809442845e+35
1.080052374516249543e-38 2.212216291070450325e+02 2.278749184852675214e+35
1.080052374516249543e-38 2.807216203941175650e+02 2.264868694816658794e+35
1.080052374516249543e-38 3.562247890262444230e+02 2.262742064256674349e+35
1.080052374516249543e-38 4.520353656360240393e+02 2.256777348743084229e+35
1.080052374516249543e-38 5.736152510448681596e+02 2.240529985061121569e+35
1.080052374516249543e-38 7.278953843983146044e+02 2.223855946241792326e+35
1.080052374516249543e-38 9.236708571873865594e+02 2.228253698348475684e+35
1.080052374516249543e-38 1.172102297533480623e+03 2.275680719217246984e+35
1.080052374516249543e-38 1.487352107293511835e+03 2.381882922231076733e+35
1.080052374516249543e-38 1.887391822135097755e+03 2.555436769771688409e+35
1.080052374516249543e-38 2.395026619987485901e+03 2.797876691413433970e+35
1.080052374516249543e-38 3.039195382313198024e+03 3.134589789829994141e+35
1.080052374516249543e-38 3.856620421163472201e+03 3.617126632398731794e+35
1.080052374516249543e-38 4.893900918477494088e+03 4.353391659371769868e+35
1.080052374516249543e-38 6.210169418915616006e+03 5.495897565352675721e+35
1.080052374516249543e-38 7.880462815669912743e+03 7.248808038771429759e+35
1.080052374516249543e-38 1.000000000000000000e+04 9.795855144832759929e+35
1.309353327353606747e-38 1.000000000000000000e+01 1.499932071043924019e+35
1.309353327353606747e-38 1.268961003167922108e+01 1.407729330102856470e+35
1.309353327353606747e-38 1.610262027560939302e+01 1.362651076574919516e+35
1.309353327353606747e-38 2.043359717856941771e+01 1.361789804817310227e+35
1.309353327353606747e-38 2.592943797404667094e+01 1.403118083592223563e+35
1.309353327353606747e-38 3.290344562312667875e+01 1.481756929343300043e+35
1.309353327353606747e-38 4.175318936560400118e+01 1.578484355431969792e+35
1.309353327353606747e-38 5.298316906283707084e+01 1.677985476370162272e+35
1.309353327353606747e-38 6.723357536499334230e+01 1.755691757669656713e+35
1.309353327353606747e-38 8.531678524172805567e+01 1.790515495309633809e+35
1.309353327353606747e-38 1.082636733874054045e+02 1.779605899233754943e+35
1.309353327353606747e-38 1.373823795883263870e+02 1.739705097329358109e+35
1.309353327353606747e-38 1.743328822199987371e+02 1.696456590547234214e+35
1.309353327353606747e-38 2.212216291070450325e+02 1.668382911168923483e+35
1.309353327353606747e-38 2.807216203941175650e+02 1.658125837553992424e+35
1.309353327353606747e-38 3.562247890262444230e+02 1.656554450034892449e+35
1.309353327353606747e-38 4.520353656360240393e+02 1.652147205820948315e+35
1.309353327353606747e-38 5.736152510448681596e+02 1.640143310488742454e+35
1.309353327353606747e-38 7.278953843983146044e+02 1.627825780993889731e+35
1.309353327353606747e-38 9.236708571873865594e+02 1.631074352526805093e+35
1.309353327353606747e-38 1.172102297533480623e+03 1.666115352890929284e+35
1.309353327353606747e-38 1.487352107293511835e+03 1.744629375654257869e+35
1.309353327353606747e-38 1.887391822135097755e+03 1.873076545080188450e+35
1.309353327353606747e-38 2.395026619987485901e+03 2.055694674058688310e+35
1.309353327353606747e-38 3.039195382313198024e+03 2.302662791397958392e+35
1.309353327353606747e-38 3.856620421163472201e+03 2.662255488842611132e+35
1.309353327353606747e-38 4.893900918477494088e+03 3.213603060227654539e+35
1.309353327353606747e-38 6.210169418915616006e+03 4.076418965698130807e+35
1.309353327353606747e-38 7.880462815669912743e+03 5.408846446118464581e+35
1.309353327353606747e-38 1.000000000000000000e+04 7.375029766731373000e+35
1.587336111010205320e-38 1.000000000000000000e+01 1.094639336594085654e+35
1.587336111010205320e-38 1.268961003167922108e+01 1.029436273176432933e+35
1.587336111010205320e-38 1.610262027560939302e+01 9.960371435833546277e+34
1.587336111010205320e-38 2.043359717856941771e+01 9.953995615104334058e+34
1.587336111010205320e-38 2.592943797404667094e+01 1.026017116016362805e+35
1.587336111010205320e-38 3.290344562312667875e+01 1.081403236610580534e+35
1.587336111010205320e-38 4.175318936560400118e+01 1.151730298112204698e+35
1.587336111010205320e-38 5.298316906283707084e+01 1.227408404042210107e+35
1.587336111010205320e-38 6.723357536499334230e+01 1.284752973669285856e+35
1.587336111010205320e-38 8.531678524172805567e+01 1.310465745329924565e+35
1.587336111010205320e-38 1.082636733874054045e+02 1.302409502877341046e+35
1.587336111010205320e-38 1.373823795883263870e+02 1.272951784313874317e+35
1.587336111010205320e-38 1.743328822199987371e+02 1.241035472354769803e+35
1.587336111010205320e-38 2.212216291070450325e+02 1.220325055166944984e+35
1.587336111010205320e-38 2.807216203941175650e+02 1.212759640075437349e+35
1.587336111010205320e-38 3.562247890262444230e+02 1.211600682563149206e+35
1.587336111010205320e-38 4.520353656360240393e+02 1.208350268753719289e+35
1.587336111010205320e-38 5.736152510448681596e+02 1.199497911619631994e+35
1.587336111010205320e-38 7.278953843983146044e+02 1.190415342697747587e+35
1.587336111010205320e-38 9.236708571873865594e+02 1.192810633408864402e+35
1.587336111010205320e-38 1.172102297533480623e+03 1.218652483718900367e+35
1.587336111010205320e-38 1.487352107293511835e+03 1.276586670641620437e+35
1.587336111010205320e-38 1.887391822135097755e+03 1.371460967933057802e+35
1.587336111010205320e-38 2.395026619987485901e+03 1.506549572416931390e+35
1.587336111010205320e-38 3.039195382313198024e+03 1.691981146922998095e+35
1.587336111010205320e-38 3.856620421163472201e+03 1.956671691793800260e+35
1.587336111010205320e-38 4.893900918477494088e+03 2.368257497933246055e+35
1.587336111010205320e-38 6.210169418915616006e+03 3.017012778487670580e+35
1.587336111010205320e-38 7.880462815669912743e+03 4.020012101337072677e+35
1.587336111010205320e-38 1.000000000000000000e+04 5.537671976133409647e+35
1.924336141115976087e-38 1.000000000000000000e+01 7.999759019405614625e+34
1.924336141115976087e-38 1.268961003167922108e+01 7.518083289848917797e+34
1.924336141115976087e-38 1.610262027560939302e+01 7.271817700003652329e+34
1.924336141115976087e-38 2.043359717856941771e+01 7.267119380474680804e+34
1.924336141115976087e-38 2.592943797404667094e+01 7.492858774185445777e+34
1.924336141115976087e-38 3.290344562312667875e+01 7.901876359815456992e+34
1.924336141115976087e-38 4.175318936560400118e+01 8.422611375247843380e+34
1.924336141115976087e-38 5.298316906283707084e+01 8.957474819867169808e+34
1.924336141115976087e-38 6.723357536499334230e+01 9.374256298499074582e+34
1.924336141115976087e-38 8.531678524172805567e+01 9.560688134687713500e+34
1.924336141115976087e-38 1.082636733874054045e+02 9.502308539082649127e+34
1.924336141115976087e-38 1.373823795883263870e+02 9.288593111698996724e+34
1.924336141115976087e-38 1.743328822199987371e+02 9.056631633394530024e+34
1.924336141115976087e-38 2.212216291070450325e+02 8.905907241556712677e+34
1.924336141115976087e-38 2.807216203941175650e+02 8.850811334021562772e+34
1.924336141115976087e-38 3.562247890262444230e+02 8.842369428152081248e+34
1.924336141115976087e-38 4.520353656360240393e+02 8.818690908267596112e+34
1.924336141115976087e-38 5.736152510448681596e+02 8.754186369101232258e+34
1.924336141115976087e-38 7.278953843983146044e+02 8.687979098037965954e+34
1.924336141115976087e-38 9.236708571873865594e+02 8.705441962935635336e+34
1.924336141115976087e-38 1.172102297533480623e+03 8.893728223241162731e+34
1.924336141115976087e-38 1.487352107293511835e+03 9.314984452475156770e+34
1.924336141115976087e-38 1.887391822135097755e+03 1.003204370614396288e+35
1.924336141115976087e-38 2.395026619987485901e+03 1.102938908726858988e+35
1.924336141115976087e-38 3.039195382313198024e+03 1.240100341589392597e+35
1.924336141115976087e-38 3.856620421163472201e+03 1.436222080705139199e+35
1.924336141115976087e-38 4.893900918477494088e+03 1.742613974508509644e+35
1.924336141115976087e-38 6.210169418915616006e+03 2.228630297099375769e+35
1.924336141115976087e-38 7.880462815669912743e+03 2.988877003951109371e+35
1.924336141115976087e-38 1.000000000000000000e+04 4.147410128149555112e+35
2.332883097864153600e-38 1.000000000000000000e+01 5.839574574480936985e+34
2.332883097864153600e-38 1.268961003167922108e+01 5.485144760477429571e+34
2.332883097864153600e-38 1.610262027560939302e+01 5.304169801167997515e+34
2.332883097864153600e-38 2.043359717856941771e+01 5.300718531048866640e+34
2.332883097864153600e-38 2.592943797404667094e+01 5.466601002624888649e+34
2.332883097864153600e-38 3.290344562312667875e+01 5.767497357851596759e+34
2.332883097864153600e-38 4.175318936560400118e+01 6.151287153295424142e+34
2.332883097864153600e-38 5.298316906283707084e+01 6.546447893445841133e+34
2.332883097864153600e-38 6.723357536499334230e+01 6.855136821555149658e+34
2.332883097864153600e-38 8.531678524172805567e+01 6.993455799489366085e+34
2.332883097864153600e-38 1.082636733874054045e+02 6.950125857336738557e+34
2.332883097864153600e-38 1.373823795883263870e+02 6.791631195921103486e+34
2.332883097864153600e-38 1.743328822199987371e+02 6.619823698290481973e+34
2.332883097864153600e-38 2.212216291070450325e+02 6.508303080254485043e+34
2.332883097864153600e-38 2.807216203941175650e+02 6.467559684230310780e+34
2.332883097864153600e-38 3.562247890262444230e+02 6.461317924140818359e+34
2.332883097864153600e-38 4.520353656360240393e+02 6.443811988442434801e+34
2.332883097864153600e-38 5.736152510448681596e+02 6.396133376858709046e+34
2.332883097864153600e-38 7.278953843983146044e+02 6.347212251882685131e+34
2.332883097864153600e-38 9.236708571873865594e+02 6.360114148197192857e+34
2.332883097864153600e-38 1.172102297533480623e+03 6.499295699035307891e+34
2.332883097864153600e-38 1.487352107293511835e+03 6.811193084883878610e+34
2.332883097864153600e-38 1.887391822135097755e+03 7.321234696660143836e+34
2.332883097864153600e-38 2.395026619987485901e+03 8.066829027336918800e+34
2.332883097864153600e-38 3.039195382313198024e+03 9.079421728619131094e+34
2.332883097864153600e-38 3.856620421163472201e+03 1.054644037288865756e+35
2.332883097864153600e-38 4.893900918477494088e+03 1.280458004248300437e+35
2.332883097864153600e-38 6.210169418915616006e+03 1.643402703516590724e+35
2.332883097864153600e-38 7.880462815669912743e+03 2.216765255882582607e+35
2.332883097864153600e-38 1.000000000000000000e+04 3.098559279411046716e+35
2.828166780230029443e-38 1.000000000000000000e+01 4.258996106726608279e+34
2.828166780230029443e-38 1.268961003167922108e+01 3.998897146789898429e+34
2.828166780230029443e-38 1.610262027560939302e+01 3.866204838976454668e+34
2.828166780230029443e-38 2.043359717856941771e+01 3.863675050799964761e+34
2.828166780230029443e-38 2.592943797404667094e+01 3.985297294771666435e+34
2.828166780230029443e-38 3.290344562312667875e+01 4.206075964296546779e+34
2.828166780230029443e-38 4.175318936560400118e+01 4.488029496663195007e+34
2.828166780230029443e-38 5.298316906283707084e+01 4.778819502683917278e+34
2.828166780230029443e-38 6.723357536499334230e+01 5.006371245916162546e+34
2.828166780230029443e-38 8.531678524172805567e+01 5.108458502976720421e+34
2.828166780230029443e-38 1.082636733874054045e+02 5.076469843311316832e+34
2.828166780230029443e-38 1.373823795883263870e+02 4.959526905628559003e+34
2.828166780230029443e-38 1.743328822199987371e+02 4.832875409756020632e+34
2.828166780230029443e-38 2.212216291070450325e+02 4.750725983355923834e+34
2.828166780230029443e-38 2.807216203941175650e+02 4.720724425131081881e+34
2.828166780230029443e-38 3.562247890262444230e+02 4.716128804876885594e+34
2.828166780230029443e-38 4.520353656360240393e+02 4.703240447483062143e+34
2.828166780230029443e-38 5.736152510448681596e+02 4.668143580978161509e+34
2.828166780230029443e-38 7.278953843983146044e+02 4.632140254588108653e+34
2.828166780230029443e-38 9.236708571873865594e+02 4.641634563660240332e+34
2.828166780230029443e-38 1.172102297533480623e+03 4.744092849758362120e+34
2.828166780230029443e-38 1.487352107293511835e+03 4.973954937611144006e+34
2.828166780230029443e-38 1.887391822135097755e+03 5.350715129332948873e+34
2.828166780230029443e-38 2.395026619987485901e+03 5.887250849422015001e+34
2.828166780230029443e-38 3.039195382313198024e+03 6.641098903383704009e+34
2.828166780230029443e-38 3.856620421163472201e+03 7.724591120845247449e+34
2.828166780230029443e-38 4.893900918477494088e+03 9.396672646914326385e+34
2.828166780230029443e-38 6.210169418915616006e+03 1.209936256004170763e+35
2.828166780230029443e-38 7.880462815669912743e+03 1.640562769350265147e+35
2.828166780230029443e-38 1.000000000000000000e+04 2.309535189008050452e+35
3.428601863556583432e-38 1.000000000000000000e+01 3.104100498153342054e+34
3.428601863556583432e-38 1.268961003167922108e+01 2.913577822725193773e+34
3.428601863556583432e-38 1.610262027560939302e+01 2.816441055883557923e+34
3.428601863556583432e-38 2.043359717856941771e+01 2.814589513717678488e+34
3.428601863556583432e-38 2.592943797404667094e+01 2.903620317659461358e+34
3.428601863556583432e-38 3.290344562312667875e+01 3.065323084237351123e+34
3.428601863556583432e-38 4.175318936560400118e+01 3.272010871431675857e+34
3.428601863556583432e-38 5.298316906283707084e+01 3.485417547438947878e+34
3.428601863556583432e-38 6.723357536499334230e+01 3.652611246235083676e+34
3.428601863556583432e-38 8.531678524172805567e+01 3.727682408783880081e+34
3.428601863556583432e-38 1.082636733874054045e+02 3.704154757315376362e+34
3.428601863556583432e-38 1.373823795883263870e+02 3.618176931101071947e+34
3.428601863556583432e-38 1.743328822199987371e+02 3.525118415284343185e+34
3.428601863556583432e-38 2.212216291070450325e+02 3.464788367127954697e+34
3.428601863556583432e-38 2.807216203941175650e+02 3.442760996861228176e+34
3.428601863556583432e-38 3.562247890262444230e+02 3.439387118561700597e+34
3.428601863556583432e-38 4.520353656360240393e+02 3.429925487062855163e+34
3.428601863556583432e-38 5.736152510448681596e+02 3.404162805288125141e+34
3.428601863556583432e-38 7.278953843983146044e+02 3.377738804412768077e+34
3.428601863556583432e-38 9.236708571873865594e+02 3.384706588106732223e+34
3.428601863556583432e-38 1.172102297533480623e+03 3.459918014957404054e+34
3.428601863556583432e-38 1.487352107293511835e+03 3.628781877883592091e+34
3.428601863556583432e-38 1.887391822135097755e+03 3.905999904572918276e+34
3.428601863556583432e-38 2.395026619987485901e+03 4.301912712443161665e+34
3.428601863556583432e-38 3.039195382313198024e+03 4.846654359263586514e+34
3.428601863556583432e-38 3.856620421163472201e+03 5.652110100304814262e+34
3.428601863556583432e-38 4.893900918477494088e+03 6.898921038915828925e+34
3.428601863556583432e-38 6.210169418915616006e+03 8.895123445499292106e+34
3.428601863556583432e-38 7.880462815669912743e+03 1.211800606319811203e+35
3.428601863556583432e-38 1.000000000000000000e+04 1.715548337879574065e+35
4.156512558225987716e-38 1.000000000000000000e+01 2.261095297612376677e+34
4.156512558225987716e-38 1.268961003167922108e+01 2.121723627241948351e+34
4.156512558225987716e-38 1.610262027560939302e+01 2.050699930281844004e+34
4.156512558225987716e-38 2.043359717856941771e+01 2.049346352691318219e+34
4.156512558225987716e-38 2.592943797404667094e+01 2.114441944357900217e+34
4.156512558225987716e-38 3.290344562312667875e+01 2.232721365365086980e+34
4.156512558225987716e-38 4.175318936560400118e+01 2.384003199208681696e+34
4.156512558225987716e-38 5.298316906283707084e+01 2.540328710278586444e+34
4.156512558225987716e-38 6.723357536499334230e+01 2.662901792313395562e+34
4.156512558225987716e-38 8.531678524172805567e+01 2.717969250803936203e+34
4.156512558225987716e-38 1.082636733874054045e+02 2.700708669112332277e+34
4.156512558225987716e-38 1.373823795883263870e+02 2.637649563348401447e+34
4.156512558225987716e-38 1.743328822199987371e+02 2.569425813159796340e+34
4.156512558225987716e-38 2.212216291070450325e+02 2.525211348198860824e+34
4.156512558225987716e-38 2.807216203941175650e+02 2.509070836162251743e+34
4.156512558225987716e-38 3.562247890262444230e+02 2.506598765803687843e+34
4.156512558225987716e-38 4.520353656360240393e+02 2.499666331222958399e+34
4.156512558225987716e-38 5.736152510448681596e+02 2.480791675024092870e+34
4.156512558225987716e-38 7.278953843983146044e+02 2.461434586593357788e+34
4.156512558225987716e-38 9.236708571873865594e+02 2.466538683413058623e+34
4.156512558225987716e-38 1.172102297533480623e+03 2.521642477747637639e+34
4.156512558225987716e-38 1.487352107293511835e+03 2.645426250573062240e+34
4.156512558225987716e-38 1.887391822135097755e+03 2.848856849482105509e+34
4.156512558225987716e-38 2.395026619987485901e+03 3.139956311413597489e+34
4.156512558225987716e-38 3.039195382313198024e+03 3.541885167219343614e+34
4.156512558225987716e-38 3.856620421163472201e+03 4.124290716934161491e+34
4.156512558225987716e-38 4.893900918477494088e+03 5.052085169134798827e+34
4.156512558225987716e-38 6.210169418915616006e+03 6.530798139888944574e+34
4.156512558225987716e-38 7.880462815669912743e+03 8.935454838311273053e+34
4.156512558225987716e-38 1.000000000000000000e+04 1.273978462847665654e+35
5.038962625065149883e-38 1.000000000000000000e+01 1.646235789488771864e+34
5.038962625065149883e-38 1.268961003167922108e+01 1.544389974948694872e+34
5.038962625065149883e-38 1.610262027560939302e+01 1.492510330970114139e+34
5.038962625065149883e-38 2.043359717856941771e+01 1.491521739812384670e+34
5.038962625065149883e-38 2.592943797404667094e+01 1.539070386832735245e+34
5.038962625065149883e-38 3.290344562312667875e+01 1.625497102886448976e+34
5.038962625065149883e-38 4.175318936560400118e+01 1.736096721075579614e+34
5.038962625065149883e-38 5.298316906283707084e+01 1.850455084270207588e+34
5.038962625065149883e-38 6.723357536499334230e+01 1.940176197784748446e+34
5.038962625065149883e-38 8.531678524172805567e+01 1.980500937043355013e+34
5.038962625065149883e-38 1.082636733874054045e+02 1.967860243792190426e+34
5.038962625065149883e-38 1.373823795883263870e+02 1.921687961412622704e+34
5.038962625065149883e-38 1.743328822199987371e+02 1.871749120652830146e+34
5.038962625065149883e-38 2.212216291070450325e+02 1.839392838138415131e+34
5.038962625065149883e-38 2.807216203941175650e+02 1.827582687816052679e+34
5.038962625065149883e-38 3.562247890262444230e+02 1.825773924824561147e+34
5.038962625065149883e-38 4.520353656360240393e+02 1.820701706710533594e+34
5.038962625065149883e-38 5.736152510448681596e+02 1.806892541173040474e+34
5.038962625065149883e-38 7.278953843983146044e+02 1.792731556041629919e+34
5.038962625065149883e-38 9.236708571873865594e+02 1.796465427423214542e+34
5.038962625065149883e-38 1.172102297533480623e+03 1.836781394831152384e+34
5.038962625065149883e-38 1.487352107293511835e+03 1.927381402071148529e+34
5.038962625065149883e-38 1.887391822135097755e+03 2.076390934831011383e+34
5.038962625065149883e-38 2.395026619987485901e+03 2.289902809019847668e+34
5.038962625065149883e-38 3.039195382313198024e+03 2.585406237508608134e+34
5.038962625065149883e-38 3.856620421163472201e+03 3.015584804305435118e+34
5.038962625065149883e-38 4.893900918477494088e+03 3.696006571240456269e+34
5.038962625065149883e-38 6.210169418915616006e+03 4.796676932842831531e+34
5.038962625065149883e-38 7.880462815669912743e+03 6.578342097826380063e+34
5.038962625065149883e-38 1.000000000000000000e+04 9.438808702026932043e+34
6.108761607505039907e-38 1.000000000000000000e+01 1.198071159080106408e+34
6.108761607505039907e-38 1.268961003167922108e+01 1.123714732553811251e+34
6.108761607505039907e-38 1.610262027560939302e+01 1.087193960326634553e+34
6.108761607505039907e-38 2.043359717856941771e+01 1.086472374346159394e+34
6.108761607505039907e-38 2.592943797404667094e+01 1.119831935335602132e+34
6.108761607505039907e-38 3.290344562312667875e+01 1.182927231879975273e+34
6.108761607505039907e-38 4.175318936560400118e+01 1.263706848035510320e+34
6.108761607505039907e-38 5.298316906283707084e+01 1.347275811238246505e+34
6.108761607505039907e-38 6.723357536499334230e+01 1.412872746950503265e+34
6.108761607505039907e-38 8.531678524172805567e+01 1.442364395640038379e+34
6.108761607505039907e-38 1.082636733874054045e+02 1.433118938956475270e+34
6.108761607505039907e-38 1.373823795883263870e+02 1.399353253973625862e+34
6.108761607505039907e-38 1.743328822199987371e+02 1.362841710650711606e+34
6.108761607505039907e-38 2.212216291070450325e+02 1.339189944869276506e+34
6.108761607505039907e-38 2.807216203941175650e+02 1.330557874303540182e+34
6.108761607505039907e-38 3.562247890262444230e+02 1.329235887418221832e+34
6.108761607505039907e-38 4.520353656360240393e+02 1.325528770319431628e+34
6.108761607505039907e-38 5.736152510448681596e+02 1.315436558186348771e+34
6.108761607505039907e-38 7.278953843983146044e+02 1.305087909227691331e+34
6.108761607505039907e-38 9.236708571873865594e+02 1.307816502661640157e+34
6.108761607505039907e-38 1.172102297533480623e+03 1.337281192131800629e+34
6.108761607505039907e-38 1.487352107293511835e+03 1.403516457701510246e+34
6.108761607505039907e-38 1.887391822135097755e+03 1.512518214085647903e+34
6.108761607505039907e-38 2.395026619987485901e+03 1.668857380489568040e+34
6.108761607505039907e-38 3.039195382313198024e+03 1.885589461377097948e+34
6.108761607505039907e-38 3.856620421163472201e+03 2.202096324250697010e+34
6.108761607505039907e-38 4.893900918477494088e+03 2.697161726726329619e+34
6.108761607505039907e-38 6.210169418915616006e+03 3.514013414007253443e+34
6.108761607505039907e-38 7.880462815669912743e+03 4.836028177381067704e+34
6.108761607505039907e-38 1.000000000000000000e+04 6.978879435792333101e+34
7.405684692262442040e-38 1.000000000000000000e+01 8.726858750489445276e+33
7.405684692262442040e-38 1.268961003167922108e+01 8.184233122484129076e+33
7.405684692262442040e-38 1.610262027560939302e+01 7.907972935244837183e+33
7.405684692262442040e-38 2.043359717856941771e+01 7.902709630417380020e+33
7.405684692262442040e-38 2.592943797404667094e+01 8.155901644379422151e+33
7.405684692262442040e-38 3.290344562312667875e+01 8.616332525248641869e+33
7.405684692262442040e-38 4.175318936560400118e+01 9.194945212059729741e+33
7.405684692262442040e-38 5.298316906283707084e+01 9.805082798593449346e+33
7.405684692262442040e-38 6.723357536499334230e+01 1.028420998635376553e+34
7.405684692262442040e-38 8.531678524172805567e+01 1.049967871206567914e+34
7.405684692262442040e-38 1.082636733874054045e+02 1.043212662629569402e+34
7.405684692262442040e-38 1.373823795883263870e+02 1.018544732980661070e+34
7.405684692262442040e-38 1.743328822199987371e+02 9.918761456825779937e+33
7.405684692262442040e-38 2.212216291070450325e+02 9.746035148867011052e+33
7.405684692262442040e-38 2.807216203941175650e+02 9.683001800654424848e+33
7.405684692262442040e-38 3.562247890262444230e+02 9.673348624338422835e+33
7.405684692262442040e-38 4.520353656360240393e+02 9.646279563990061118e+33
7.405684692262442040e-38 5.736152510448681596e+02 9.572589965903784296e+33
7.405684692262442040e-38 7.278953843983146044e+02 9.497032359478583418e+33
7.405684692262442040e-38 9.236708571873865594e+02 9.516953946209012862e+33
7.405684692262442040e-38 1.172102297533480623e+03 9.732096734316365245e+33
7.405684692262442040e-38 1.487352107293511835e+03 1.021585966759534732e+34
7.405684692262442040e-38 1.887391822135097755e+03 1.101237646962207423e+34
7.405684692262442040e-38 2.395026619987485901e+03 1.215570242795792663e+34
7.405684692262442040e-38 3.039195382313198024e+03 1.374261784353697144e+34
7.405684692262442040e-38 3.856620421163472201e+03 1.606515084681399765e+34
7.405684692262442040e-38 4.893900918477494088e+03 1.971594112231288784e+34
7.405684692262442040e-38 6.210169418915616006e+03 2.571719987294401531e+34
7.405684692262442040e-38 7.880462815669912743e+03 3.550483304179896637e+34
7.405684692262442040e-38 1.000000000000000000e+04 5.150629342176851511e+34
8.977951553033332142e-38 1.000000000000000000e+01 6.347405823342560670e+33
8.977951553033332142e-38 1.268961003167922108e+01 5.951713491208793400e+33
8.977951553033332142e-38 1.610262027560939302e+01 5.750310964554923922e+33
8.977951553033332142e-38 2.043359717856941771e+01 5.746474184973669794e+33
8.977951553033332142e-38 2.592943797404667094e+01 5.931057349079041606e+33
8.977951553033332142e-38 3.290344562312667875e+01 6.266797271819211397e+33
8.977951553033332142e-38 4.175318936560400118e+01 6.696891160276835018e+33
8.977951553033332142e-38 5.298316906283707084e+01 7.142151042181706910e+33
8.977951553033332142e-38 6.723357536499334230e+01 7.482897538744515230e+33
8.977951553033332142e-38 8.531678524172805567e+01 7.640181985203479208e+33
8.977951553033332142e-38 1.082636733874054045e+02 7.590868836276454648e+33
8.977951553033332142e-38 1.373823795883263870e+02 7.410812171402771900e+33
8.977951553033332142e-38 1.743328822199987371e+02 7.225123373249631173e+33
8.977951553033332142e-38 2.212216291070450325e+02 7.099054718110206578e+33
8.977951553033332142e-38 2.807216203941175650e+02 7.053050664259022651e+33
8.977951553033332142e-38 3.562247890262444230e+02 7.046005535261146913e+33
8.977951553033332142e-38 4.520353656360240393e+02 7.026250019587017541e+33
8.977951553033332142e-38 5.736152510448681596e+02 6.972471134937284878e+33
8.977951553033332142e-38 7.278953843983146044e+02 6.917330753433718446e+33
8.977951553033332142e-38 9.236708571873865594e+02 6.931868942535869724e+33
8.977951553033332142e-38 1.172102297533480623e+03 7.088881839538235296e+33
8.977951553033332142e-38 1.487352107293511835e+03 7.433009206331083906e+33
8.977951553033332142e-38 1.887391822135097755e+03 8.014528135570983761e+33
8.977951553033332142e-38 2.395026619987485901e+03 8.849810148666369239e+33
8.977951553033332142e-38 3.039195382313198024e+03 1.001030550601469814e+34
8.977951553033332142e-38 3.856620421163472201e+03 1.171146613691615650e+34
8.977951553033332142e-38 4.893900918477494088e+03 1.439459783593638330e+34
8.977951553033332142e-38 6.210169418915616006e+03 1.876323737488223512e+34
8.977951553033332142e-38 7.880462815669912743e+03 2.607648146698590328e+34
8.977951553033332142e-38 1.000000000000000000e+04 3.795029364344642188e+34
1.088401916069007775e-37 1.000000000000000000e+01 4.615350407050290237e+33
1.088401916069007775e-37 1.268961003167922108e+01 4.326970372752178063e+33
1.088401916069007775e-37 1.610262027560939302e+01 4.169480949392352824e+33
1.088401916069007775e-37 2.043359717856941771e+01 4.166739149477825357e+33
1.088401916069007775e-37 2.592943797404667094e+01 4.311918594200082135e+33
1.088401916069007775e-37 3.290344562312667875e+01 4.556595958658197521e+33
1.088401916069007775e-37 4.175318936560400118e+01 4.870127166595851960e+33
1.088401916069007775e-37 5.298316906283707084e+01 5.194822521624640208e+33
1.088401916069007775e-37 6.723357536499334230e+01 5.449938172356648214e+33
1.088401916069007775e-37 8.531678524172805567e+01 5.564708019593071875e+33
1.088401916069007775e-37 1.082636733874054045e+02 5.528723447664324548e+33
1.088401916069007775e-37 1.373823795883263870e+02 5.397340644816620913e+33
1.088401916069007775e-37 1.743328822199987371e+02 5.255340278097915481e+33
1.088401916069007775e-37 2.212216291070450325e+02 5.163390717237645796e+33
1.088401916069007775e-37 2.807216203941175650e+02 5.129839334625694475e+33
1.088401916069007775e-37 3.562247890262444230e+02 5.124701330161924732e+33
1.088401916069007775e-37 4.520353656360240393e+02 5.110293802656848671e+33
1.088401916069007775e-37 5.736152510448681596e+02 5.071074425327605903e+33
1.088401916069007775e-37 7.278953843983146044e+02 5.030863819027183875e+33
1.088401916069007775e-37 9.236708571873865594e+02 5.041465492667376131e+33
1.088401916069007775e-37 1.172102297533480623e+03 5.155971396998624556e+33
1.088401916069007775e-37 1.487352107293511835e+03 5.413536681708155799e+33
1.088401916069007775e-37 1.887391822135097755e+03 5.837904380136470791e+33
1.088401916069007775e-37 2.395026619987485901e+03 6.440324074182950544e+33
1.088401916069007775e-37 3.039195382313198024e+03 7.288127740567516744e+33
1.088401916069007775e-37 3.856620421163472201e+03 8.532500985631642821e+33
1.088401916069007775e-37 4.893900918477494088e+03 1.049989854169495493e+34
1.088401916069007775e-37 6.210169418915616006e+03 1.372352532867952288e+34
1.088401916069007775e-37 7.880462815669912743e+03 1.910287597184004167e+34
1.088401916069007775e-37 1.000000000000000000e+04 2.791981387651294206e+34
1.319475521676708754e-37 1.000000000000000000e+01 3.347296677426898750e+33
1.319475521676708754e-37 1.268961003167922108e+01 3.140298186498253535e+33
1.319475521676708754e-37 1.610262027560939302e+01 3.034571049742079192e+33
1.319475521676708754e-37 2.043359717856941771e+01 3.032554852051202516e+33
1.319475521676708754e-37 2.592943797404667094e+01 3.129464913893410286e+33
1.319475521676708754e-37 3.290344562312667875e+01 3.305215272406025562e+33
1.319475521676708754e-37 4.175318936560400118e+01 3.540665703702944137e+33
1.319475521676708754e-37 5.298316906283707084e+01 3.777305751282586952e+33
1.319475521676708754e-37 6.723357536499334230e+01 3.963285930100325752e+33
1.319475521676708754e-37 8.531678524172805567e+01 4.046967971141749249e+33
1.319475521676708754e-37 1.082636733874054045e+02 4.020729606588083899e+33
1.319475521676708754e-37 1.373823795883263870e+02 3.924938494800789061e+33
1.319475521676708754e-37 1.743328822199987371e+02 3.821419353519648118e+33
1.319475521676708754e-37 2.212216291070450325e+02 3.754394922268533551e+33
1.319475521676708754e-37 2.807216203941175650e+02 3.729939860917527667e+33
1.319475521676708754e-37 3.562247890262444230e+02 3.726194919920269925e+33
1.319475521676708754e-37 4.520353656360240393e+02 3.715693790695802364e+33
1.319475521676708754e-37 5.736152510448681596e+02 3.687108910038834206e+33
1.319475521676708754e-37 7.278953843983146044e+02 3.657802661588548233e+33
1.319475521676708754e-37 9.236708571873865594e+02 3.665529254513772588e+33
1.319475521676708754e-37 1.172102297533480623e+03 3.748987033598551993e+33
1.319475521676708754e-37 1.487352107293511835e+03 3.936746413527451212e+33
1.319475521676708754e-37 1.887391822135097755e+03 4.246199516461590622e+33
1.319475521676708754e-37 2.395026619987485901e+03 4.691084661890345504e+33
1.319475521676708754e-37 3.039195382313198024e+03 5.303988850432669715e+33
1.319475521676708754e-37 3.856620421163472201e+03 6.213270234503949141e+33
1.319475521676708754e-37 4.893900918477494088e+03 7.653524096225747660e+33
1.319475521676708754e-37 6.210169418915616006e+03 1.002376037221526489e+34
1.319475521676708754e-37 7.880462815669912743e+03 1.397999429551862518e+34
1.319475521676708754e-37 1.000000000000000000e+04 2.051200705228113546e+34
1.599607301861491055e-37 1.000000000000000000e+01 2.435781231317527776e+33
1.599607301861491055e-37 1.268961003167922108e+01 2.283904639977938412e+33
1.599607301861491055e-37 1.610262027560939302e+01 2.206485891263116692e+33
1.599607301861491055e-37 2.043359717856941771e+01 2.205010452978852809e+33
1.599607301861491055e-37 2.592943797404667094e+01 2.275967483510071722e+33
1.599607301861491055e-37 3.290344562312667875e+01 2.404870892309392165e+33
1.599607301861491055e-37 4.175318936560400118e+01 2.569578368773233221e+33
1.599607301861491055e-37 5.298316906283707084e+01 2.739400252931522932e+33
1.599607301861491055e-37 6.723357536499334230e+01 2.881357432598210281e+33
1.599607301861491055e-37 8.531678524172805567e+01 2.942338173256312334e+33
1.599607301861491055e-37 1.082636733874054045e+02 2.923217137270231938e+33
1.599607301861491055e-37 1.373823795883263870e+02 2.853414825766454308e+33
1.599607301861491055e-37 1.743328822199987371e+02 2.770949831834463153e+33
1.599607301861491055e-37 2.212216291070450325e+02 2.723000387325235167e+33
1.599607301861491055e-37 2.807216203941175650e+02 2.705484609227975911e+33
1.599607301861491055e-37 3.562247890262444230e+02 2.702801375340472891e+33
1.599607301861491055e-37 4.520353656360240393e+02 2.695276041269175332e+33
1.599607301861491055e-37 5.736152510448681596e+02 2.674781779110792965e+33
1.599607301861491055e-37 7.278953843983146044e+02 2.653755894092184586e+33
1.599607301861491055e-37 9.236708571873865594e+02 2.659300763434216596e+33
1.599607301861491055e-37 1.172102297533480623e+03 2.719127950294607922e+33
1.599607301861491055e-37 1.487352107293511835e+03 2.862018783130826513e+33
1.599607301861491055e-37 1.887391822135097755e+03 3.087545558646430719e+33
1.599607301861491055e-37 2.395026619987485901e+03 3.411913647178568068e+33
1.599607301861491055e-37 3.039195382313198024e+03 3.863453038386323597e+33
1.599607301861491055e-37 3.856620421163472201e+03 4.522436401720887555e+33
1.599607301861491055e-37 4.893900918477494088e+03 5.575511628075489488e+33
1.599607301861491055e-37 6.210169418915616006e+03 7.313998421353989260e+33
1.599607301861491055e-37 7.880462815669912743e+03 1.019998832735329476e+34
1.599607301861491055e-37 1.000000000000000000e+04 1.507338026455837246e+34
1.939212572065834736e-37 1.000000000000000000e+01 1.770914649117772795e+33
1.939212572065834736e-37 1.268961003167922108e+01 1.659935151064602425e+33
1.939212572065834736e-37 1.610262027560939302e+01 1.603434742287011806e+33
1.939212572065834736e-37 2.043359717856941771e+01 1.602358378305262439e+33
1.939212572065834736e-37 2.592943797404667094e+01 1.654140560052664743e+33
1.939212572065834736e-37 3.290344562312667875e+01 1.748311339618033981e+33
1.939212572065834736e-37 4.175318936560400118e+01 1.868864103911703152e+33
1.939212572065834736e-37 5.298316906283707084e+01 1.993477860392101504e+33
1.939212572065834736e-37 6.723357536499334230e+01 2.091147854697103779e+33
1.939212572065834736e-37 8.531678524172805567e+01 2.135000151565239356e+33
1.939212572065834736e-37 1.082636733874054045e+02 2.121257243988280538e+33
1.939212572065834736e-37 1.373823795883263870e+02 2.071031803585350363e+33
1.939212572065834736e-37 1.743328822199987371e+02 2.016668677566127206e+33
1.939212572065834736e-37 2.212216291070450325e+02 1.981428136727796884e+33
1.939212572065834736e-37 2.807216203941175650e+02 1.968562355211744238e+33
1.939212572065834736e-37 3.562247890262444230e+02 1.966591799889712784e+33
1.939212572065834736e-37 4.520353656360240393e+02 1.961065716004442204e+33
1.939212572065834736e-37 5.736152510448681596e+02 1.946019769432457576e+33
1.939212572065834736e-37 7.278953843983146044e+02 1.930588949192811850e+33
1.939212572065834736e-37 9.236708571873865594e+02 1.934657781412278723e+33
1.939212572065834736e-37 1.172102297533480623e+03 1.978583393240620500e+33
1.939212572065834736e-37 1.487352107293511835e+03 2.077227225384469827e+33
1.939212572065834736e-37 1.887391822135097755e+03 2.239124750671904096e+33
1.939212572065834736e-37 2.395026619987485901e+03 2.480814589283173625e+33
1.939212572065834736e-37 3.039195382313198024e+03 2.810028826770578467e+33
1.939212572065834736e-37 3.856620421163472201e+03 3.290468329170427115e+33
1.939212572065834736e-37 4.893900918477494088e+03 4.059687636542007547e+33
1.939212572065834736e-37 6.210169418915616006e+03 5.332624759354058031e+33
1.939212572065834736e-37 7.880462815669912743e+03 7.459987124130492125e+33
1.939212572065834736e-37 1.000000000000000000e+04 1.104868820772329663e+34
2.350917875457293823e-37 1.000000000000000000e+01 1.286828455340139636e+33
2.350917875457293823e-37 1.268961003167922108e+01 1.205937480395670966e+33
2.350917875457293823e-37 1.610262027560939302e+01 1.164785484569649653e+33
2.350917875457293823e-37 2.043359717856941771e+01 1.164001688405531114e+33
2.350917875457293823e-37 2.592943797404667094e+01 1.201716149460852912e+33
2.350917875457293823e-37 3.290344562312667875e+01 1.270346196991936177e+33
2.350917875457293823e-37 4.175318936560400118e+01 1.358301713542849963e+33
2.350917875457293823e-37 5.298316906283707084e+01 1.449366271372478973e+33
2.350917875457293823e-37 6.723357536499334230e+01 1.520867074821149378e+33
2.350917875457293823e-37 8.531678524172805567e+01 1.553010838808157015e+33
2.350917875457293823e-37 1.082636733874054045e+02 1.542934383615324482e+33
2.350917875457293823e-37 1.373823795883263870e+02 1.506130761369621915e+33
2.350917875457293823e-37 1.743328822199987371e+02 1.466332615526422388e+33
2.350917875457293823e-37 2.212216291070450325e+02 1.440553216732381452e+33
2.350917875457293823e-37 2.807216203941175650e+02 1.431145156291895605e+33
2.350917875457293823e-37 3.562247890262444230e+02 1.429704360651081659e+33
2.350917875457293823e-37 4.520353656360240393e+02 1.425664130109818606e+33
2.350917875457293823e-37 5.736152510448681596e+02 1.414665459628170272e+33
2.350917875457293823e-37 7.278953843983146044e+02 1.403388010189627275e+33
2.350917875457293823e-37 9.236708571873865594e+02 1.406361423880686911e+33
2.350917875457293823e-37 1.172102297533480623e+03 1.438472844062175685e+33
2.350917875457293823e-37 1.487352107293511835e+03 1.510668763268147700e+33
2.350917875457293823e-37 1.887391822135097755e+03 1.629447471528940744e+33
2.350917875457293823e-37 2.395026619987485901e+03 1.799478028495350301e+33
2.350917875457293823e-37 3.039195382313198024e+03 2.043225689908937591e+33
2.350917875457293823e-37 3.856620421163472201e+03 2.396467099326772203e+33
2.350917875457293823e-37 4.893900918477494088e+03 2.954700498565833146e+33
2.350917875457293823e-37 6.210169418915616006e+03 3.885576978749083822e+33
2.350917875457293823e-37 7.880462815669912743e+03 5.448646818709833354e+33
2.350917875457293823e-37 1.000000000000000000e+04 8.089980694193148833e+33
2.850030438518117030e-37 1.000000000000000000e+01 9.347561809899980058e+32
2.850030438518117030e-37 1.268961003167922108e+01 8.758811933240126565e+32
2.850030438518117030e-37 1.610262027560939302e+01 8.459416057084848858e+32
2.850030438518117030e-37 2.043359717856941771e+01 8.453714342381735715e+32
2.850030438518117030e-37 2.592943797404667094e+01 8.728096801217429264e+32
2.850030438518117030e-37 3.290344562312667875e+01 9.227569967425219856e+32
2.850030438518117030e-37 4.175318936560400118e+01 9.868092773800708767e+32
2.850030438518117030e-37 5.298316906283707084e+01 1.053187446267223818e+33
2.850030438518117030e-37 6.723357536499334230e+01 1.105360827017892262e+33
2.850030438518117030e-37 8.531678524172805567e+01 1.128834446954880808e+33
2.850030438518117030e-37 1.082636733874054045e+02 1.121474579656265777e+33
2.850030438518117030e-37 1.373823795883263870e+02 1.094603363888442894e+33
2.850030438518117030e-37 1.743328822199987371e+02 1.065562754940461039e+33
2.850030438518117030e-37 2.212216291070450325e+02 1.046760274592118140e+33
2.850030438518117030e-37 2.807216203941175650e+02 1.039899989859020794e+33
2.850030438518117030e-37 3.562247890262444230e+02 1.038849445611408609e+33
2.850030438518117030e-37 4.520353656360240393e+02 1.035903646596774722e+33
2.850030438518117030e-37 5.736152510448681596e+02 1.027885082532528742e+33
2.850030438518117030e-37 7.278953843983146044e+02 1.019664385692603021e+33
2.850030438518117030e-37 9.236708571873865594e+02 1.021831748317526226e+33
2.850030438518117030e-37 1.172102297533480623e+03 1.045243211456550022e+33
2.850030438518117030e-37 1.487352107293511835e+03 1.097915841782868602e+33
2.850030438518117030e-37 1.887391822135097755e+03 1.184706937924809231e+33
2.850030438518117030e-37 2.395026619987485901e+03 1.309314145634879158e+33
2.850030438518117030e-37 3.039195382313198024e+03 1.481906957400136797e+33
2.850030438518117030e-37 3.856620421163472201e+03 1.742705999969331951e+33
2.850030438518117030e-37 4.893900918477494088e+03 2.152317921393587577e+33
2.850030438518117030e-37 6.210169418915616006e+03 2.829708981404932098e+33
2.850030438518117030e-37 7.880462815669912743e+03 3.975593713586004165e+33
2.850030438518117030e-37 1.000000000000000000e+04 5.917816644180093729e+33
3.455107294592232255e-37 1.000000000000000000e+01 6.788615767471737510e+32
3.455107294592232255e-37 1.268961003167922108e+01 6.360447459471523868e+32
3.455107294592232255e-37 1.610262027560939302e+01 6.142762019076278991e+32
3.455107294592232255e-37 2.043359717856941771e+01 6.138616697894703022e+32
3.455107294592232255e-37 2.592943797404667094e+01 6.338113596607174336e+32
3.455107294592232255e-37 3.290344562312667875e+01 6.701339996470577854e+32
3.455107294592232255e-37 4.175318936560400118e+01 7.167303563588530749e+32
3.455107294592232255e-37 5.298316906283707084e+01 7.650436051779369210e+32
3.455107294592232255e-37 6.723357536499334230e+01 8.030406496939493174e+32
3.455107294592232255e-37 8.531678524172805567e+01 8.201439238539297145e+32
3.455107294592232255e-37 1.082636733874054045e+02 8.147808346227948811e+32
3.455107294592232255e-37 1.373823795883263870e+02 7.952042754421107792e+32
3.455107294592232255e-37 1.743328822199987371e+02 7.740543372631293480e+32
3.455107294592232255e-37 2.212216291070450325e+02 7.603642917478226698e+32
3.455107294592232255e-37 2.807216203941175650e+02 7.553699810733615590e+32
3.455107294592232255e-37 3.562247890262444230e+02 7.546052109278813308e+32
3.455107294592232255e-37 4.520353656360240393e+02 7.524607837313540524e+32
3.455107294592232255e-37 5.736152510448681596e+02 7.466238849232561359e+32
3.455107294592232255e-37 7.278953843983146044e+02 7.406402991390267843e+32
3.455107294592232255e-37 9.236708571873865594e+02 7.422178105616917573e+32
3.455107294592232255e-37 1.172102297533480623e+03 7.592598354476487131e+32
3.455107294592232255e-37 1.487352107293511835e+03 7.976171766680149891e+32
3.455107294592232255e-37 1.887391822135097755e+03 8.608763765545427048e+32
3.455107294592232255e-37 2.395026619987485901e+03 9.518623581851972665e+32
3.455107294592232255e-37 3.039195382313198024e+03 1.078335479282795204e+33
3.455107294592232255e-37 3.856620421163472201e+03 1.266939427519178426e+33
3.455107294592232255e-37 4.893900918477494088e+03 1.565557672634721599e+33
3.455107294592232255e-37 6.210169418915616006e+03 2.059827654880899812e+33
3.455107294592232255e-37 7.880462815669912743e+03 2.898542258999722338e+33
3.455107294592232255e-37 1.000000000000000000e+04 4.318707577264462164e+33
4.188645235435288327e-37 1.000000000000000000e+01 4.929420057223690950e+32
4.188645235435288327e-37 1.268961003167922108e+01 4.618181005197416569e+32
4.188645235435288327e-37 1.610262027560939302e+01 4.459967626112750179e+32
4.188645235435288327e-37 2.043359717856941771e+01 4.456954963288659607e+32
4.188645235435288327e-37 2.592943797404667094e+01 4.601948082790086740e+32
4.188645235435288327e-37 3.290344562312667875e+01 4.865973233308605756e+32
4.188645235435288327e-37 4.175318936560400118e+01 5.204749602547786421e+32
4.188645235435288327e-37 5.298316906283707084e+01 5.556112206345138916e+32
4.188645235435288327e-37 6.723357536499334230e+01 5.832540983922313664e+32
4.188645235435288327e-37 8.531678524172805567e+01 5.956998763880652561e+32
4.188645235435288327e-37 1.082636733874054045e+02 5.917970149253290081e+32
4.188645235435288327e-37 1.373823795883263870e+02 5.775523740439849462e+32
4.188645235435288327e-37 1.743328822199987371e+02 5.621657283430532946e+32
4.188645235435288327e-37 2.212216291070450325e+02 5.522076162554573333e+32
4.188645235435288327e-37 2.807216203941175650e+02 5.485750250891797891e+32
4.188645235435288327e-37 3.562247890262444230e+02 5.480187846594570286e+32
4.188645235435288327e-37 4.520353656360240393e+02 5.464590947039152044e+32
4.188645235435288327e-37 5.736152510448681596e+02 5.422139104941786791e+32
4.188645235435288327e-37 7.278953843983146044e+02 5.378622233001591879e+32
4.188645235435288327e-37 9.236708571873865594e+02 5.390094836252917558e+32
4.188645235435288327e-37 1.172102297533480623e+03 5.514042827809944664e+32
4.188645235435288327e-37 1.487352107293511835e+03 5.793079530155239910e+32
4.188645235435288327e-37 1.887391822135097755e+03 6.253494489513701005e+32
4.188645235435288327e-37 2.395026619987485901e+03 6.916389964692325798e+32
4.188645235435288327e-37 3.039195382313198024e+03 7.839824261469708619e+32
4.188645235435288327e-37 3.856620421163472201e+03 9.195574049240329518e+32
4.188645235435288327e-37 4.893900918477494088e+03 1.138411464148672805e+33
4.188645235435288327e-37 6.210169418915616006e+03 1.498815630304204109e+33
4.188645235435288327e-37 7.880462815669912743e+03 2.111966881797109056e+33
4.188645235435288327e-37 1.000000000000000000e+04 3.156407536288962554e+33
5.077917243205423877e-37 1.000000000000000000e+01 3.578959960476543110e+32
5.077917243205423877e-37 1.268961003167922108e+01 3.352791481386248460e+32
5.077917243205423877e-37 1.610262027560939302e+01 3.237836196411852764e+32
5.077917243205423877e-37 2.043359717856941771e+01 3.235647334616291930e+32
5.077917243205423877e-37 2.592943797404667094e+01 3.340996476584858684e+32
5.077917243205423877e-37 3.290344562312667875e+01 3.532852016701803921e+32
5.077917243205423877e-37 4.175318936560400118e+01 3.779065025874709641e+32
5.077917243205423877e-37 5.298316906283707084e+01 4.034475417143125385e+32
5.077917243205423877e-37 6.723357536499334230e+01 4.235455921270884605e+32
5.077917243205423877e-37 8.531678524172805567e+01 4.325957469755738190e+32
5.077917243205423877e-37 1.082636733874054045e+02 4.297576221433323578e+32
5.077917243205423877e-37 1.373823795883263870e+02 4.193997704886854971e+32
5.077917243205423877e-37 1.743328822199987371e+02 4.082127202228625625e+32
5.077917243205423877e-37 2.212216291070450325e+02 4.009731736690495782e+32
5.077917243205423877e-37 2.807216203941175650e+02 3.983323949297480774e+32
5.077917243205423877e-37 3.562247890262444230e+02 3.979280310862399560e+32
5.077917243205423877e-37 4.520353656360240393e+02 3.967942083279136044e+32
5.077917243205423877e-37 5.736152510448681596e+02 3.937082103692309098e+32
5.077917243205423877e-37 7.278953843983146044e+02 3.905448740140339205e+32
5.077917243205423877e-37 9.236708571873865594e+02 3.913788344928332182e+32
5.077917243205423877e-37 1.172102297533480623e+03 4.003891704444780560e+32
5.077917243205423877e-37 1.487352107293511835e+03 4.206762650625313293e+32
5.077917243205423877e-37 1.887391822135097755e+03 4.541596973501945811e+32
5.077917243205423877e-37 2.395026619987485901e+03 5.023957933927196810e+32
5.077917243205423877e-37 3.039195382313198024e+03 5.696723467676173202e+32
5.077917243205423877e-37 3.856620421163472201e+03 6.687344878301627630e+32
5.077917243205423877e-37 4.893900918477494088e+03 8.275816840779538882e+32
5.077917243205423877e-37 6.210169418915616006e+03 1.091643483247858510e+33
5.077917243205423877e-37 7.880462815669912743e+03 1.538039008359177295e+33
5.077917243205423877e-37 1.000000000000000000e+04 2.304210852931022618e+33
6.155986501483539219e-37 1.000000000000000000e+01 2.598210417706077913e+32
6.155986501483539219e-37 1.268961003167922108e+01 2.436340729427011467e+32
6.155986501483539219e-37 1.610262027560939302e+01 2.352813944855293304e+32
6.155986501483539219e-37 2.043359717856941771e+01 2.351223511609995258e+32
6.155986501483539219e-37 2.592943797404667094e+01 2.427770445545418834e+32
6.155986501483539219e-37 3.290344562312667875e+01 2.564712264414883683e+32
6.155986501483539219e-37 4.175318936560400118e+01 2.743601115717481120e+32
6.155986501483539219e-37 5.298316906283707084e+01 2.929201634811053999e+32
6.155986501483539219e-37 6.723357536499334230e+01 3.075270822876574330e+32
6.155986501483539219e-37 8.531678524172805567e+01 3.141052303775158430e+32
6.155986501483539219e-37 1.082636733874054045e+02 3.120422809622983708e+32
6.155986501483539219e-37 1.373823795883263870e+02 3.045138083261420465e+32
6.155986501483539219e-37 1.743328822199987371e+02 2.963832367200768493e+32
6.155986501483539219e-37 2.212216291070450325e+02 2.911219685420454740e+32
6.155986501483539219e-37 2.807216203941175650e+02 2.892028697046672079e+32
6.155986501483539219e-37 3.562247890262444230e+02 2.889090144877679640e+32
6.155986501483539219e-37 4.520353656360240393e+02 2.880850582912503368e+32
6.155986501483539219e-37 5.736152510448681596e+02 2.858424741498755909e+32
6.155986501483539219e-37 7.278953843983146044e+02 2.835437340819307852e+32
6.155986501483539219e-37 9.236708571873865594e+02 2.841497538011099677e+32
6.155986501483539219e-37 1.172102297533480623e+03 2.906975606613226917e+32
6.155986501483539219e-37 1.487352107293511835e+03 3.054415842998950055e+32
6.155986501483539219e-37 1.887391822135097755e+03 3.297808366070205306e+32
6.155986501483539219e-37 2.395026619987485901e+03 3.648557364779612515e+32
6.155986501483539219e-37 3.039195382313198024e+03 4.138092328612371955e+32
6.155986501483539219e-37 3.856620421163472201e+03 4.860122192525843730e+32
6.155986501483539219e-37 4.893900918477494088e+03 6.007561520327875333e+32
6.155986501483539219e-37 6.210169418915616006e+03 7.938889547680755786e+32
6.155986501483539219e-37 7.880462815669912743e+03 1.119569947400325365e+33
6.155986501483539219e-37 1.000000000000000000e+04 1.680611492563399346e+33
7.462935686310175792e-37 1.000000000000000000e+01 1.888024492444534946e+32
7.462935686310175792e-37 1.268961003167922108e+01 1.768637692301924536e+32
7.462935686310175792e-37 1.610262027560939302e+01 1.707961330657286750e+32
7.462935686310175792e-37 2.043359717856941771e+01 1.706806019093947608e+32
7.462935686310175792e-37 2.592943797404667094e+01 1.762411854842352740e+32
7.462935686310175792e-37 3.290344562312667875e+01 1.863684525318431362e+32
7.462935686310175792e-37 4.175318936560400118e+01 1.993665796132015353e+32
7.462935686310175792e-37 5.298316906283707084e+01 2.126511359309890078e+32
7.462935686310175792e-37 6.723357536499334230e+01 2.232641003995014495e+32
7.462935686310175792e-37 8.531678524172805567e+01 2.280439792666657712e+32
7.462935686310175792e-37 1.082636733874054045e+02 2.265449526758114333e+32
7.462935686310175792e-37 1.373823795883263870e+02 2.210746451618022107e+32
7.462935686310175792e-37 1.743328822199987371e+02 2.151671968361499406e+32
7.462935686310175792e-37 2.212216291070450325e+02 2.113447014673564161e+32
7.462935686310175792e-37 2.807216203941175650e+02 2.099504471039202163e+32
7.462935686310175792e-37 3.562247890262444230e+02 2.097369586522077464e+32
7.462935686310175792e-37 4.520353656360240393e+02 2.091383496523450165e+32
7.462935686310175792e-37 5.736152510448681596e+02 2.075091183566271973e+32
7.462935686310175792e-37 7.278953843983146044e+02 2.060394544773492352e+32
7.462935686310175792e-37 9.236708571873865594e+02 2.062793802546969484e+32
7.462935686310175792e-37 1.172102297533480623e+03 2.110363609483766558e+32
7.462935686310175792e-37 1.487352107293511835e+03 2.217487654974343506e+32
7.462935686310175792e-37 1.887391822135097755e+03 2.394353228255519244e+32
7.462935686310175792e-37 2.395026619987485901e+03 2.649292526177730800e+32
7.462935686310175792e-37 3.039195382313198024e+03 3.005254378025539822e+32
7.462935686310175792e-37 3.856620421163472201e+03 3.530764292538344989e+32
7.462935686310175792e-37 4.893900918477494088e+03 4.368300675549017494e+32
7.462935686310175792e-37 6.210169418915616006e+03 5.771849677530665247e+32
7.462935686310175792e-37 7.880462815669912743e+03 8.146367715187057535e+32
7.462935686310175792e-37 1.000000000000000000e+04 1.224929880850886365e+33
9.047357242349349380e-37 1.000000000000000000e+01 1.370544658479983426e+32
9.047357242349349380e-37 1.268961003167922108e+01 1.283825806162957850e+32
9.047357242349349380e-37 1.610262027560939302e+01 1.239755010266686423e+32
9.047357242349349380e-37 2.043359717856941771e+01 1.238915895125967434e+32
9.047357242349349380e-37 2.592943797404667094e+01 1.279303739949590615e+32
9.047357242349349380e-37 3.290344562312667875e+01 1.352864308651143438e+32
9.047357242349349380e-37 4.175318936560400118e+01 1.447284936301599305e+32
9.047357242349349380e-37 5.298316906283707084e+01 1.545257680081146160e+32
9.047357242349349380e-37 6.723357536499334230e+01 1.622371781359660462e+32
9.047357242349349380e-37 8.531678524172805567e+01 1.657102592306915693e+32
9.047357242349349380e-37 1.082636733874054045e+02 1.646210582561180867e+32
9.047357242349349380e-37 1.373823795883263870e+02 1.606463140693883557e+32
9.047357242349349380e-37 1.743328822199987371e+02 1.563539475063880202e+32
9.047357242349349380e-37 2.212216291070450325e+02 1.535765060577451894e+32
9.047357242349349380e-37 2.807216203941175650e+02 1.525634320657357693e+32
9.047357242349349380e-37 3.562247890262444230e+02 1.524083098430643322e+32
9.047357242349349380e-37 4.520353656360240393e+02 1.519733560364858030e+32
9.047357242349349380e-37 5.736152510448681596e+02 1.507895421647634570e+32
9.047357242349349380e-37 7.278953843983146044e+02 1.495761022709017980e+32
9.047357242349349380e-37 9.236708571873865594e+02 1.498960012525254695e+32
9.047357242349349380e-37 1.172102297533480623e+03 1.533524640545458947e+32
9.047357242349349380e-37 1.487352107293511835e+03 1.611361315399275610e+32
9.047357242349349380e-37 1.887391822135097755e+03 1.738229655067339661e+32
9.047357242349349380e-37 2.395026619987485901e+03 1.923473418835592453e+32
9.047357242349349380e-37 3.039195382313198024e+03 2.182199517594473252e+32
9.047357242349349380e-37 3.856620421163472201e+03 2.564372638123648635e+32
9.047357242349349380e-37 4.893900918477494088e+03 3.174453932601692975e+32
9.047357242349349380e-37 6.210169418915616006e+03 4.188428276245050984e+32
9.047357242349349380e-37 7.880462815669912743e+03 5.933267865989127953e+32
9.047357242349349380e-37 1.000000000000000000e+04 8.922925451197214943e+32
1.096816005273126781e-36 1.000000000000000000e+01 9.948248413770687067e+31
1.096816005273126781e-36 1.268961003167922108e+01 9.299211348310610432e+31
1.096816005273126781e-36 1.610262027560939302e+01 8.983746076476113850e+31
1.096816005273126781e-36 2.043359717856941771e+01 8.977730653509058342e+31
1.096816005273126781e-36 2.592943797404667094e+01 9.266885622900852256e+31
1.096816005273126781e-36 3.290344562312667875e+01 9.819837497921628729e+31
1.096816005273126781e-36 4.175318936560400118e+01 1.050562798893499794e+32
1.096816005273126781e-36 5.298316906283707084e+01 1.121727345058047556e+32
1.096816005273126781e-36 6.723357536499334230e+01 1.177744760888597425e+32
1.096816005273126781e-36 8.531678524172805567e+01 1.202975151022678860e+32
1.096816005273126781e-36 1.082636733874054045e+02 1.195062513204304123e+32
1.096816005273126781e-36 1.373823795883263870e+02 1.166188076166807811e+32
1.096816005273126781e-36 1.743328822199987371e+02 1.135007330490707914e+32
1.096816005273126781e-36 2.212216291070450325e+02 1.114831935767106487e+32
1.096816005273126781e-36 2.807216203941175650e+02 1.107473056371098259e+32
1.096816005273126781e-36 3.562247890262444230e+02 1.106346267677478822e+32
1.096816005273126781e-36 4.520353656360240393e+02 1.103186824430666051e+32
1.096816005273126781e-36 5.736152510448681596e+02 1.094587823477629899e+32
1.096816005273126781e-36 7.278953843983146044e+02 1.085773710336569334e+32
1.096816005273126781e-36 9.236708571873865594e+02 1.088097365265890771e+32
1.096816005273126781e-36 1.172102297533480623e+03 1.113204509369167181e+32
1.096816005273126781e-36 1.487352107293511835e+03 1.169746296010634934e+32
1.096816005273126781e-36 1.887391822135097755e+03 1.263107479816048291e+32
1.096816005273126781e-36 2.395026619987485901e+03 1.396367819666511370e+32
1.096816005273126781e-36 3.039195382313198024e+03 1.584361760298147342e+32
1.096816005273126781e-36 3.856620421163472201e+03 1.862163285400470350e+32
1.096816005273126781e-36 4.893900918477494088e+03 2.306044365091838055e+32
1.096816005273126781e-36 6.210169418915616006e+03 3.046505672631099617e+32
1.096816005273126781e-36 7.880462815669912743e+03 4.314884465584518589e+32
1.096816005273126781e-36 1.000000000000000000e+04 6.496682353793313996e+32
1.329675967466220788e-36 1.000000000000000000e+01 7.210119632533297701e+31
1.329675967466220788e-36 1.268961003167922108e+01 6.757119106293274635e+31
1.329675967466220788e-36 1.610262027560939302e+01 6.526289343278735257e+31
1.329675967466220788e-36 2.043359717856941771e+01 6.521890897319260828e+31
1.329675967466220788e-36 2.592943797404667094e+01 6.733450865892885817e+31
1.329675967466220788e-36 3.290344562312667875e+01 7.117908620756675887e+31
1.329675967466220788e-36 4.175318936560400118e+01 7.609323652780669184e+31
1.329675967466220788e-36 5.298316906283707084e+01 8.142194749362158516e+31
1.329675967466220788e-36 6.723357536499334230e+01 8.549059853537021691e+31
1.329675967466220788e-36 8.531678524172805567e+01 8.732320326788121838e+31
1.329675967466220788e-36 1.082636733874054045e+02 8.674846535028723158e+31
1.329675967466220788e-36 1.373823795883263870e+02 8.465119596107696213e+31
1.329675967466220788e-36 1.743328822199987371e+02 8.238647735504704759e+31
1.329675967466220788e-36 2.212216291070450325e+02 8.092113645773214687e+31
1.329675967466220788e-36 2.807216203941175650e+02 8.038666752882472111e+31
1.329675967466220788e-36 3.562247890262444230e+02 8.030483020212020046e+31
1.329675967466220788e-36 4.520353656360240393e+02 8.007536407220110256e+31
1.329675967466220788e-36 5.736152510448681596e+02 7.945083378835266491e+31
1.329675967466220788e-36 7.278953843983146044e+02 7.881068580374019906e+31
1.329675967466220788e-36 9.236708571873865594e+02 7.897944676798554873e+31
1.329675967466220788e-36 1.172102297533480623e+03 8.080293757663764239e+31
1.329675967466220788e-36 1.487352107293511835e+03 8.490964107361322615e+31
1.329675967466220788e-36 1.887391822135097755e+03 9.169108894012309373e+31
1.329675967466220788e-36 2.395026619987485901e+03 1.014690364742316749e+32
1.329675967466220788e-36 3.039195382313198024e+03 1.150193548984030059e+32
1.329675967466220788e-36 3.856620421163472201e+03 1.352061391139809562e+32
1.329675967466220788e-36 4.893900918477494088e+03 1.674807015600680823e+32
1.329675967466220788e-36 6.210169418915616006e+03 2.214328236479731139e+32
1.329675967466220788e-36 7.880462815669912743e+03 3.137047507793400106e+32
1.329675967466220788e-36 1.000000000000000000e+04 4.728157874647103680e+32
1.611973357388142161e-36 1.000000000000000000e+01 5.237283203531513278e+31
1.611973357388142161e-36 1.268961003167922108e+01 4.906600376107745612e+31
1.611973357388142161e-36 1.610262027560939302e+01 4.738338562900421039e+31
1.611973357388142161e-36 2.043359717856941771e+01 4.735133741123033287e+31
1.611973357388142161e-36 2.592943797404667094e+01 4.889340714940144021e+31
1.611973357388142161e-36 3.290344562312667875e+01 5.169915109781752063e+31
1.611973357388142161e-36 4.175318936560400118e+01 5.529306423885775877e+31
1.611973357388142161e-36 5.298316906283707084e+01 5.900994335316172290e+31
1.611973357388142161e-36 6.723357536499334230e+01 6.192405586017891975e+31
1.611973357388142161e-36 8.531678524172805567e+01 6.323260050898992726e+31
1.611973357388142161e-36 1.082636733874054045e+02 6.282250751738743309e+31
1.611973357388142161e-36 1.373823795883263870e+02 6.132382062255699757e+31
1.611973357388142161e-36 1.743328822199987371e+02 5.970181443302443188e+31
1.611973357388142161e-36 2.212216291070450325e+02 5.865046921568198857e+31
1.611973357388142161e-36 2.807216203941175650e+02 5.826666331586048457e+31
1.611973357388142161e-36 3.562247890262444230e+02 5.820787990753191511e+31
1.611973357388142161e-36 4.520353656360240393e+02 5.804303378107680805e+31
1.611973357388142161e-36 5.736152510448681596e+02 5.759421911493021535e+31
1.611973357388142161e-36 7.278953843983146044e+02 5.713394646614414807e+31
1.611973357388142161e-36 9.236708571873865594e+02 5.725530984843432555e+31
1.611973357388142161e-36 1.172102297533480623e+03 5.856560496347572505e+31
1.611973357388142161e-36 1.487352107293511835e+03 6.150868268626334552e+31
1.611973357388142161e-36 1.887391822135097755e+03 6.655515439966144129e+31
1.611973357388142161e-36 2.395026619987485901e+03 7.365729446435603791e+31
1.611973357388142161e-36 3.039195382313198024e+03 8.358037708545673307e+31
1.611973357388142161e-36 3.856620421163472201e+03 9.815857268209653549e+31
1.611973357388142161e-36 4.893900918477494088e+03 1.216158216576891434e+32
1.611973357388142161e-36 6.210169418915616006e+03 1.608763341344413765e+32
1.611973357388142161e-36 7.880462815669912743e+03 2.276513616122057133e+32
1.611973357388142161e-36 1.000000000000000000e+04 3.444078044583123764e+32
1.954204007974067424e-36 1.000000000000000000e+01 3.802253498523517701e+31
1.954204007974067424e-36 1.268961003167922108e+01 3.561546402868056511e+31
1.954204007974067424e-36 1.610262027560939302e+01 3.439166515266051679e+31
1.954204007974067424e-36 2.043359717856941771e+01 3.436836148362046492e+31
1.954204007974067424e-36 2.592943797404667094e+01 3.548990363405477765e+31
1.954204007974067424e-36 3.290344562312667875e+01 3.753191948662826061e+31
1.954204007974067424e-36 4.175318936560400118e+01 4.015086720730246066e+31
1.954204007974067424e-36 5.298316906283707084e+01 4.286435211189264611e+31
1.954204007974067424e-36 6.723357536499334230e+01 4.499603700425179903e+31
1.954204007974067424e-36 8.531678524172805567e+01 4.595462368922288396e+31
1.954204007974067424e-36 1.082636733874054045e+02 4.565410895187671337e+31
1.954204007974067424e-36 1.373823795883263870e+02 4.455662395545583201e+31
1.954204007974067424e-36 1.743328822199987371e+02 4.337009306194101471e+31
1.954204007974067424e-36 2.212216291070450325e+02 4.260166947984914758e+31
1.954204007974067424e-36 2.807216203941175650e+02 4.232126912531503383e+31
1.954204007974067424e-36 3.562247890262444230e+02 4.227832884970386473e+31
1.954204007974067424e-36 4.520353656360240393e+02 4.215791945007533092e+31
1.954204007974067424e-36 5.736152510448681596e+02 4.183014762359273467e+31
1.954204007974067424e-36 7.278953843983146044e+02 4.149409463402177232e+31
1.954204007974067424e-36 9.236708571873865594e+02 4.158269573037182464e+31
1.954204007974067424e-36 1.172102297533480623e+03 4.253966396256783164e+31
1.954204007974067424e-36 1.487352107293511835e+03 4.469193707187725665e+31
1.954204007974067424e-36 1.887391822135097755e+03 4.823464379944238749e+31
1.954204007974067424e-36 2.395026619987485901e+03 5.346458166886869308e+31
1.954204007974067424e-36 3.039195382313198024e+03 6.067211155433064829e+31
1.954204007974067424e-36 3.856620421163472201e+03 7.132800469666556055e+31
1.954204007974067424e-36 4.893900918477494088e+03 8.829979579882869114e+31
1.954204007974067424e-36 6.210169418915616006e+03 1.168485539599711835e+32
1.954204007974067424e-36 7.880462815669912743e+03 1.655808318524672390e+32
1.954204007974067424e-36 1.000000000000000000e+04 2.505065937717707109e+32
2.369092074182612593e-36 1.000000000000000000e+01 2.759659336498267772e+31
2.369092074182612593e-36 1.268961003167922108e+01 2.584721893125791637e+31
2.369092074182612593e-36 1.610262027560939302e+01 2.495817289935952092e+31
2.369092074182612593e-36 2.043359717856941771e+01 2.494124562006918636e+31
2.369092074182612593e-36 2.592943797404667094e+01 2.575599377521670550e+31
2.369092074182612593e-36 3.290344562312667875e+01 2.723994131986845061e+31
2.369092074182612593e-36 4.175318936560400118e+01 2.914442892216831710e+31
2.369092074182612593e-36 5.298316906283707084e+01 3.111969582727264591e+31
2.369092074182612593e-36 6.723357536499334230e+01 3.267330370284908674e+31
2.369092074182612593e-36 8.531678524172805567e+01 3.337256679686413313e+31
2.369092074182612593e-36 1.082636733874054045e+02 3.315330429421978911e+31
2.369092074182612593e-36 1.373823795883263870e+02 3.235289956317570319e+31
2.369092074182612593e-36 1.743328822199987371e+02 3.148812520662819327e+31
2.369092074182612593e-36 2.212216291070450325e+02 3.092837000662419806e+31
2.369092074182612593e-36 2.807216203941175650e+02 3.072416661726181810e+31
2.369092074182612593e-36 3.562247890262444230e+02 3.069289751619794761e+31
2.369092074182612593e-36 4.520353656360240393e+02 3.060521881469218863e+31
2.369092074182612593e-36 5.736152510448681596e+02 3.036656970479044068e+31
2.369092074182612593e-36 7.278953843983146044e+02 3.012192816299465395e+31
2.369092074182612593e-36 9.236708571873865594e+02 3.018642485946769923e+31
2.369092074182612593e-36 1.172102297533480623e+03 3.088321168937701045e+31
2.369092074182612593e-36 1.487352107293511835e+03 3.245155651904658410e+31
2.369092074182612593e-36 1.887391822135097755e+03 3.503757415668377578e+31
2.369092074182612593e-36 2.395026619987485901e+03 3.875333149977146515e+31
2.369092074182612593e-36 3.039195382313198024e+03 4.403944442970615540e+31
2.369092074182612593e-36 3.856620421163472201e+03 5.177949430171408558e+31
2.369092074182612593e-36 4.893900918477494088e+03 6.410385861196219754e+31
2.369092074182612593e-36 6.210169418915616006e+03 8.485424947792953622e+31
2.369092074182612593e-36 7.880462815669912743e+03 1.203492144141378584e+32
2.369092074182612593e-36 1.000000000000000000e+04 1.821522787493147427e+32
2.872063117797851795e-36 1.000000000000000000e+01 2.002666230652061407e+31
2.872063117797851795e-36 1.268961003167922108e+01 1.875627238997119613e+31
2.872063117797851795e-36 1.610262027560939302e+01 1.811077501421625224e+31
2.872063117797851795e-36 2.043359717856941771e+01 1.809848552929933959e+31
2.872063117797851795e-36 2.592943797404667094e+01 1.869003443221140605e+31
2.872063117797851795e-36 3.290344562312667875e+01 1.976763178434959722e+31
2.872063117797851795e-36 4.175318936560400118e+01 2.115105974849035527e+31
2.872063117797851795e-36 5.298316906283707084e+01 2.258665061547175466e+31
2.872063117797851795e-36 6.723357536499334230e+01 2.371651086235820860e+31
2.872063117797851795e-36 8.531678524172805567e+01 2.422530499102232827e+31
2.872063117797851795e-36 1.082636733874054045e+02 2.406574767264625332e+31
2.872063117797851795e-36 1.373823795883263870e+02 2.348343591159290482e+31
2.872063117797851795e-36 1.743328822199987371e+02 2.285452568383261505e+31
2.872063117797851795e-36 2.212216291070450325e+02 2.244755722248958042e+31
2.872063117797851795e-36 2.807216203941175650e+02 2.229911241316716201e+31
2.872063117797851795e-36 3.562247890262444230e+02 2.227638240930876591e+31
2.872063117797851795e-36 4.520353656360240393e+02 2.221264868368784378e+31
2.872063117797851795e-36 5.736152510448681596e+02 2.203918402030559489e+31
2.872063117797851795e-36 7.278953843983146044e+02 2.186137780287689448e+31
2.872063117797851795e-36 9.236708571873865594e+02 2.190825284284350461e+31
2.872063117797851795e-36 1.172102297533480623e+03 2.241472864453099811e+31
2.872063117797851795e-36 1.487352107293511835e+03 2.355519951243752351e+31
2.872063117797851795e-36 1.887391822135097755e+03 2.543754699207225334e+31
2.872063117797851795e-36 2.395026619987485901e+03 2.814772778789378978e+31
2.872063117797851795e-36 3.039195382313198024e+03 3.191897853275884847e+31
2.872063117797851795e-36 3.856620421163472201e+03 3.758566289513578131e+31
2.872063117797851795e-36 4.893900918477494088e+03 4.658185177677878954e+31
2.872063117797851795e-36 6.210169418915616006e+03 6.161167420491837945e+31
2.872063117797851795e-36 7.880462815669912743e+03 8.743579188968751096e+31
2.872063117797851795e-36 1.000000000000000000e+04 1.320948778544088842e+32
3.481817630688938234e-36 1.000000000000000000e+01 1.453212794997521387e+31
3.481817630688938234e-36 1.268961003167922108e+01 1.360991078353366076e+31
3.481817630688938234e-36 1.610262027560939302e+01 1.314136646451115556e+31
3.481817630688938234e-36 2.043359717856941771e+01 1.313244619196751848e+31
3.481817630688938234e-36 2.592943797404667094e+01 1.356182973829953732e+31
3.481817630688938234e-36 3.290344562312667875e+01 1.434407883193636399e+31
3.481817630688938234e-36 4.175318936560400118e+01 1.534848697946525200e+31
3.481817630688938234e-36 5.298316906283707084e+01 1.639102076564526252e+31
3.481817630688938234e-36 6.723357536499334230e+01 1.721178544511768949e+31
3.481817630688938234e-36 8.531678524172805567e+01 1.758148170802231689e+31
3.481817630688938234e-36 1.082636733874054045e+02 1.746553842941606291e+31
3.481817630688938234e-36 1.373823795883263870e+02 1.704245071172697367e+31
3.481817630688938234e-36 1.743328822199987371e+02 1.658559014327938072e+31
3.481817630688938234e-36 2.212216291070450325e+02 1.628999622947254093e+31
3.481817630688938234e-36 2.807216203941175650e+02 1.618218337528318520e+31
3.481817630688938234e-36 3.562247890262444230e+02 1.616567530046248605e+31
3.481817630688938234e-36 4.520353656360240393e+02 1.611938798840095409e+31
3.481817630688938234e-36 5.736152510448681596e+02 1.599341070831630690e+31
3.481817630688938234e-36 7.278953843983146044e+02 1.586428527729197796e+31
3.481817630688938234e-36 9.236708571873865594e+02 1.589832613896112997e+31
3.481817630688938234e-36 1.172102297533480623e+03 1.626615308780394921e+31
3.481817630688938234e-36 1.487352107293511835e+03 1.709458748771417060e+31
3.481817630688938234e-36 1.887391822135097755e+03 1.846259765790217824e+31
3.481817630688938234e-36 2.395026619987485901e+03 2.043442793833602187e+31
3.481817630688938234e-36 3.039195382313198024e+03 2.318491878712601476e+31
3.481817630688938234e-36 3.856620421163472201e+03 2.722827736474934096e+31
3.481817630688938234e-36 4.893900918477494088e+03 3.381491546560395367e+31
3.481817630688938234e-36 6.210169418915616006e+03 4.473048398800589581e+31
3.481817630688938234e-36 7.880462815669912743e+03 6.350643170884186136e+31
3.481817630688938234e-36 1.000000000000000000e+04 9.612976527511970289e+31
4.221026320156937510e-36 1.000000000000000000e+01 1.054460692249203888e+31
4.221026320156937510e-36 1.268961003167922108e+01 9.875260732503890961e+30
4.221026320156937510e-36 1.610262027560939302e+01 9.535209301109741750e+30
4.221026320156937510e-36 2.043359717856941771e+01 9.528735425101288007e+30
4.221026320156937510e-36 2.592943797404667094e+01 9.840364812549074444e+30
4.221026320156937510e-36 3.290344562312667875e+01 1.040811648644316928e+31
4.221026320156937510e-36 4.175318936560400118e+01 1.113716770954255067e+31
4.221026320156937510e-36 5.298316906283707084e+01 1.189398089786104774e+31
4.221026320156937510e-36 6.723357536499334230e+01 1.248988923767153072e+31
4.221026320156937510e-36 8.531678524172805567e+01 1.275833491512020380e+31
4.221026320156937510e-36 1.082636733874054045e+02 1.267414326743096254e+31
4.221026320156937510e-36 1.373823795883263870e+02 1.236693797751861237e+31
4.221026320156937510e-36 1.743328822199987371e+02 1.203523836054834603e+31
4.221026320156937510e-36 2.212216291070450325e+02 1.182063873373838254e+31
4.221026320156937510e-36 2.807216203941175650e+02 1.174236959628140971e+31
4.221026320156937510e-36 3.562247890262444230e+02 1.173038530230485736e+31
4.221026320156937510e-36 4.520353656360240393e+02 1.169678245998080872e+31
4.221026320156937510e-36 5.736152510448681596e+02 1.160532882388786173e+31
4.221026320156937510e-36 7.278953843983146044e+02 1.151159141783210608e+31
4.221026320156937510e-36 9.236708571873865594e+02 1.153630290731823698e+31
4.221026320156937510e-36 1.172102297533480623e+03 1.180332916687311609e+31
4.221026320156937510e-36 1.487352107293511835e+03 1.240479324086990370e+31
4.221026320156937510e-36 1.887391822135097755e+03 1.339823303287918887e+31
4.221026320156937510e-36 2.395026619987485901e+03 1.483094357101107203e+31
4.221026320156937510e-36 3.039195382313198024e+03 1.683204132102543820e+31
4.221026320156937510e-36 3.856620421163472201e+03 1.978345617602160310e+31
4.221026320156937510e-36 4.893900918477494088e+03 2.454523222825774557e+31
4.221026320156937510e-36 6.210169418915616006e+03 3.250383667565909614e+31
4.221026320156937510e-36 7.880462815669912743e+03 4.611752697428044546e+31
4.221026320156937510e-36 1.000000000000000000e+04 6.989314475719040161e+31
5.117173007114568100e-36 1.000000000000000000e+01 7.651005552290560620e+30
5.117173007114568100e-36 1.268961003167922108e+01 7.165250350176073614e+30
5.117173007114568100e-36 1.610262027560939302e+01 6.923800519594922237e+30
5.117173007114568100e-36 2.043359717856941771e+01 6.919101751051969975e+30
5.117173007114568100e-36 2.592943797404667094e+01 7.139926607573389176e+30
5.117173007114568100e-36 3.290344562312667875e+01 7.551949955163737527e+30
5.117173007114568100e-36 4.175318936560400118e+01 8.081060390318822548e+30
5.117173007114568100e-36 5.298316906283707084e+01 8.630357857039506271e+30
5.117173007114568100e-36 6.723357536499334230e+01 9.062902457872870598e+30
5.117173007114568100e-36 8.531678524172805567e+01 9.257766812006320388e+30
5.117173007114568100e-36 1.082636733874054045e+02 9.196651402199092726e+30
5.117173007114568100e-36 1.373823795883263870e+02 8.973654702869018839e+30
5.117173007114568100e-36 1.743328822199987371e+02 8.732887840384031974e+30
5.117173007114568100e-36 2.212216291070450325e+02 8.577123988453843613e+30
5.117173007114568100e-36 2.807216203941175650e+02 8.520314449749608098e+30
5.117173007114568100e-36 3.562247890262444230e+02 8.511616015960144444e+30
5.117173007114568100e-36 4.520353656360240393e+02 8.487226478172533249e+30
5.117173007114568100e-36 5.736152510448681596e+02 8.420848246279325174e+30
5.117173007114568100e-36 7.278953843983146044e+02 8.352813074636986654e+30
5.117173007114568100e-36 9.236708571873865594e+02 8.370748758855886567e+30
5.117173007114568100e-36 1.172102297533480623e+03 8.564560265587513959e+30
5.117173007114568100e-36 1.487352107293511835e+03 9.001132902721031702e+30
5.117173007114568100e-36 1.887391822135097755e+03 9.722301251428533727e+30
5.117173007114568100e-36 2.395026619987485901e+03 1.076261299343048897e+31
5.117173007114568100e-36 3.039195382313198024e+03 1.221656895480585621e+31
5.117173007114568100e-36 3.856620421163472201e+03 1.436489637747491992e+31
5.117173007114568100e-36 4.893900918477494088e+03 1.778569850830779722e+31
5.117173007114568100e-36 6.210169418915616006e+03 2.359606416893813324e+31
5.117173007114568100e-36 7.880462815669912743e+03 3.348527641836423980e+31
5.117173007114568100e-36 1.000000000000000000e+04 5.078882624608922098e+31
6.203576476104331292e-36 1.000000000000000000e+01 5.555665578079025974e+30
6.203576476104331292e-36 1.268961003167922108e+01 5.203088673613995268e+30
6.203576476104331292e-36 1.610262027560939302e+01 5.023966295242363832e+30
6.203576476104331292e-36 2.043359717856941771e+01 5.020556158628133086e+30
6.203576476104331292e-36 2.592943797404667094e+01 5.184707281027256766e+30
6.203576476104331292e-36 3.290344562312667875e+01 5.483769380986997037e+30
6.203576476104331292e-36 4.175318936560400118e+01 5.863424641440039831e+30
6.203576476104331292e-36 5.298316906283707084e+01 6.262059505957424230e+30
6.203576476104331292e-36 6.723357536499334230e+01 6.575981446816325383e+30
6.203576476104331292e-36 8.531678524172805567e+01 6.717410474028272276e+30
6.203576476104331292e-36 1.082636733874054045e+02 6.673053667494102613e+30
6.203576476104331292e-36 1.373823795883263870e+02 6.511208091114862950e+30
6.203576476104331292e-36 1.743328822199987371e+02 6.336469923836494976e+30
6.203576476104331292e-36 2.212216291070450325e+02 6.223425720645980502e+30
6.203576476104331292e-36 2.807216203941175650e+02 6.182197183614476857e+30
6.203576476104331292e-36 3.562247890262444230e+02 6.175884468428873694e+30
6.203576476104331292e-36 4.520353656360240393e+02 6.158184278258856007e+30
6.203576476104331292e-36 5.736152510448681596e+02 6.110011917524550308e+30
6.203576476104331292e-36 7.278953843983146044e+02 6.060637429020108641e+30
6.203576476104331292e-36 9.236708571873865594e+02 6.073653679844311559e+30
6.203576476104331292e-36 1.172102297533480623e+03 6.214307795076274321e+30
6.203576476104331292e-36 1.487352107293511835e+03 6.531150882564928062e+30
6.203576476104331292e-36 1.887391822135097755e+03 7.054574772559985156e+30
6.203576476104331292e-36 2.395026619987485901e+03 7.809729834487188869e+30
6.203576476104331292e-36 3.039195382313198024e+03 8.865461653535956496e+30
6.203576476104331292e-36 3.856620421163472201e+03 1.042678972511969965e+31
6.203576476104331292e-36 4.893900918477494088e+03 1.292083208452709932e+31
6.203576476104331292e-36 6.210169418915616006e+03 1.712815093626844062e+31
6.203576476104331292e-36 7.880462815669912743e+03 2.431046271961314975e+31
6.203576476104331292e-36 1.000000000000000000e+04 3.689372441881433354e+31
7.520629269592360432e-36 1.000000000000000000e+01 4.031223093119270550e+30
7.520629269592360432e-36 1.268961003167922108e+01 3.775343886772287679e+30
7.520629269592360432e-36 1.610262027560939302e+01 3.645349503277292906e+30
7.520629269592360432e-36 2.043359717856941771e+01 3.642874679316817558e+30
7.520629269592360432e-36 2.592943797404667094e+01 3.762003910071411720e+30
7.520629269592360432e-36 3.290344562312667875e+01 3.979044731304888171e+30
7.520629269592360432e-36 4.175318936560400118e+01 4.257755396163827545e+30
7.520629269592360432e-36 5.298316906283707084e+01 4.547096945043814665e+30
7.520629269592360432e-36 6.723357536499334230e+01 4.771372956265801703e+30
7.520629269592360432e-36 8.531678524172805567e+01 4.874008148452800239e+30
7.520629269592360432e-36 1.082636733874054045e+02 4.841818162484703351e+30
7.520629269592360432e-36 1.373823795883263870e+02 4.727929642661000819e+30
7.520629269592360432e-36 1.743328822199987371e+02 4.601104699211928277e+30
7.520629269592360432e-36 2.212216291070450325e+02 4.519056021421167128e+30
7.520629269592360432e-36 2.807216203941175650e+02 4.489131649854598821e+30
7.520629269592360432e-36 3.562247890262444230e+02 4.484549760708299260e+30
7.520629269592360432e-36 4.520353656360240393e+02 4.471702605501918500e+30
7.520629269592360432e-36 5.736152510448681596e+02 4.436737985173275514e+30
7.520629269592360432e-36 7.278953843983146044e+02 4.400900597025126488e+30
7.520629269592360432e-36 9.236708571873865594e+02 4.410348180707467691e+30
7.520629269592360432e-36 1.172102297533480623e+03 4.512438089232101950e+30
7.520629269592360432e-36 1.487352107293511835e+03 4.742403986218567204e+30
7.520629269592360432e-36 1.887391822135097755e+03 5.118696311805989237e+30
7.520629269592360432e-36 2.395026619987485901e+03 5.666771028791746196e+30
7.520629269592360432e-36 3.039195382313198024e+03 6.433116760960219450e+30
7.520629269592360432e-36 3.856620421163472201e+03 7.566949991600994281e+30
7.520629269592360432e-36 4.893900918477494088e+03 9.381151255853631924e+30
7.520629269592360432e-36 6.210169418915616006e+03 1.240423326191142830e+31
7.520629269592360432e-36 7.880462815669912743e+03 1.766543617863179627e+31
7.520629269592360432e-36 1.000000000000000000e+04 2.679414592468252526e+31
9.117299484984866337e-36 1.000000000000000000e+01 2.925013987186077871e+30
9.117299484984866337e-36 1.268961003167922108e+01 2.739318344080978067e+30
9.117299484984866337e-36 1.610262027560939302e+01 2.639296359766393427e+30
9.117299484984866337e-36 2.043359717856941771e+01 2.637529827674140230e+30
9.117299484984866337e-36 2.592943797404667094e+01 2.729637397760019187e+30
9.117299484984866337e-36 3.290344562312667875e+01 2.887147052008023401e+30
9.117299484984866337e-36 4.175318936560400118e+01 3.089414798685840673e+30
9.117299484984866337e-36 5.298316906283707084e+01 3.299401708311030368e+30
9.117299484984866337e-36 6.723357536499334230e+01 3.464760783085012733e+30
9.117299484984866337e-36 8.531678524172805567e+01 3.539258310478049853e+30
9.117299484984866337e-36 1.082636733874054045e+02 3.515893445406870761e+30
9.117299484984866337e-36 1.373823795883263870e+02 3.430641446013385246e+30
9.117299484984866337e-36 1.743328822199987371e+02 3.338597784148394683e+30
9.117299484984866337e-36 2.212216291070450325e+02 3.279051090572043716e+30
9.117299484984866337e-36 2.807216203941175650e+02 3.257333609055474078e+30
9.117299484984866337e-36 3.562247890262444230e+02 3.254008327005374653e+30
9.117299484984866337e-36 4.520353656360240393e+02 3.244684576945511166e+30
9.117299484984866337e-36 5.736152510448681596e+02 3.219309243312597723e+30
9.117299484984866337e-36 7.278953843983146044e+02 3.193300567128696130e+30
9.117299484984866337e-36 9.236708571873865594e+02 3.200157063551569240e+30
9.117299484984866337e-36 1.172102297533480623e+03 3.274248151466711952e+30
9.117299484984866337e-36 1.487352107293511835e+03 3.441146307129147485e+30
9.117299484984866337e-36 1.887391822135097755e+03 3.716859127818680584e+30
9.117299484984866337e-36 2.395026619987485901e+03 4.111712523386407922e+30
9.117299484984866337e-36 3.039195382313198024e+03 4.667907632304815756e+30
9.117299484984866337e-36 3.856620421163472201e+03 5.490993311509630400e+30
9.117299484984866337e-36 4.893900918477494088e+03 6.809046336221274311e+30
9.117299484984866337e-36 6.210169418915616006e+03 9.014282503685530742e+30
9.117299484984866337e-36 7.880462815669912743e+03 1.282414106994759265e+31
9.117299484984866337e-36 1.000000000000000000e+04 1.945619674353386167e+31
1.105295141126015248e-35 1.000000000000000000e+01 2.118241319632133849e+30
1.105295141126015248e-35 1.268961003167922108e+01 1.985143809711565936e+30
1.105295141126015248e-35 1.610262027560939302e+01 1.917295313789747038e+30
1.105295141126015248e-35 2.043359717856941771e+01 1.916002313230646832e+30
1.105295141126015248e-35 2.592943797404667094e+01 1.978187695961560376e+30
1.105295141126015248e-35 3.290344562312667875e+01 2.091155143704603195e+30
1.105295141126015248e-35 4.175318936560400118e+01 2.241622227280549886e+30
1.105295141126015248e-35 5.298316906283707084e+01 2.394013182018540145e+30
1.105295141126015248e-35 6.723357536499334230e+01 2.514018850309954129e+30
1.105295141126015248e-35 8.531678524172805567e+01 2.568084310138331987e+30
1.105295141126015248e-35 1.082636733874054045e+02 2.551127574819434128e+30
1.105295141126015248e-35 1.373823795883263870e+02 2.489257364433109593e+30
1.105295141126015248e-35 1.743328822199987371e+02 2.422458710918585190e+30
1.105295141126015248e-35 2.212216291070450325e+02 2.379244287844178119e+30
1.105295141126015248e-35 2.807216203941175650e+02 2.363483457820242416e+30
1.105295141126015248e-35 3.562247890262444230e+02 2.361070233675086519e+30
1.105295141126015248e-35 4.520353656360240393e+02 2.354303804052221913e+30
1.105295141126015248e-35 5.736152510448681596e+02 2.335888449607670333e+30
1.105295141126015248e-35 7.278953843983146044e+02 2.317013506874962563e+30
1.105295141126015248e-35 9.236708571873865594e+02 2.321989380053066675e+30
1.105295141126015248e-35 1.172102297533480623e+03 2.375758692156396725e+30
1.105295141126015248e-35 1.487352107293511835e+03 2.496881069344925517e+30
1.105295141126015248e-35 1.887391822135097755e+03 2.696976785384578232e+30
1.105295141126015248e-35 2.395026619987485901e+03 2.985675212271160180e+30
1.105295141126015248e-35 3.039195382313198024e+03 3.386960471168951599e+30
1.105295141126015248e-35 3.856620421163472201e+03 3.984355067405682464e+30
1.105295141126015248e-35 4.893900918477494088e+03 4.941370516069099985e+30
1.105295141126015248e-35 6.210169418915616006e+03 6.546002986480065711e+30
1.105295141126015248e-35 7.880462815669912743e+03 9.308898187815021087e+30
1.105295141126015248e-35 1.000000000000000000e+04 1.412608211469704431e+31
1.339955269659331662e-35 1.000000000000000000e+01 1.538592948789363406e+30
1.339955269659331662e-35 1.268961003167922108e+01 1.441359520694679343e+30
1.339955269659331662e-35 1.610262027560939302e+01 1.391875693907507796e+30
1.339955269659331662e-35 2.043359717856941771e+01 1.390933155425693924e+30
1.339955269659331662e-35 2.592943797404667094e+01 1.436283862713730187e+30
1.339955269659331662e-35 3.290344562312667875e+01 1.518786394892295083e+30
1.339955269659331662e-35 4.175318936560400118e+01 1.624431846345382240e+30
1.339955269659331662e-35 5.298316906283707084e+01 1.733635798087662254e+30
1.339955269659331662e-35 6.723357536499334230e+01 1.824124621203734264e+30
1.339955269659331662e-35 8.531678524172805567e+01 1.863360543625232203e+30
1.339955269659331662e-35 1.082636733874054045e+02 1.851054823645083760e+30
1.339955269659331662e-35 1.373823795883263870e+02 1.801581857248883834e+30
1.339955269659331662e-35 1.743328822199987371e+02 1.753955568906908388e+30
1.339955269659331662e-35 2.212216291070450325e+02 1.723077255677255299e+30
1.339955269659331662e-35 2.807216203941175650e+02 1.711803275406191314e+30
1.339955269659331662e-35 3.562247890262444230e+02 1.710076493341207605e+30
1.339955269659331662e-35 4.520353656360240393e+02 1.705233988592299559e+30
1.339955269659331662e-35 5.736152510448681596e+02 1.692048949272600021e+30
1.339955269659331662e-35 7.278953843983146044e+02 1.678526265632577995e+30
1.339955269659331662e-35 9.236708571873865594e+02 1.682091988449850475e+30
1.339955269659331662e-35 1.172102297533480623e+03 1.720584505582805794e+30
1.339955269659331662e-35 1.487352107293511835e+03 1.807008863093649149e+30
1.339955269659331662e-35 1.887391822135097755e+03 1.956900158453759190e+30
1.339955269659331662e-35 2.395026619987485901e+03 2.166418299951823514e+30
1.339955269659331662e-35 3.039195382313198024e+03 2.459394694965121324e+30
1.339955269659331662e-35 3.856620421163472201e+03 2.891014160319474098e+30
1.339955269659331662e-35 4.893900918477494088e+03 3.585688150790575841e+30
1.339955269659331662e-35 6.210169418915616006e+03 4.751685947488388335e+30
1.339955269659331662e-35 7.880462815669912743e+03 6.741837972862261274e+30
1.339955269659331662e-35 1.000000000000000000e+04 1.025513661634609036e+31
1.624435010958858713e-35 1.000000000000000000e+01 1.116880005795793831e+30
1.624435010958858713e-35 1.268961003167922108e+01 1.046084081914273031e+30
1.624435010958858713e-35 1.610262027560939302e+01 1.010089848270036592e+30
1.624435010958858713e-35 2.043359717856941771e+01 1.009404449804844166e+30
1.624435010958858713e-35 2.592943797404667094e+01 1.042391096403404974e+30
1.624435010958858713e-35 3.290344562312667875e+01 1.102450493307462886e+30
1.624435010958858713e-35 4.175318936560400118e+01 1.179472550328698942e+30
1.624435010958858713e-35 5.298316906283707084e+01 1.259258391059507297e+30
1.624435010958858713e-35 6.723357536499334230e+01 1.321918364147887327e+30
1.624435010958858713e-35 8.531678524172805567e+01 1.350088577091864603e+30
1.624435010958858713e-35 1.082636733874054045e+02 1.341257800399113639e+30
1.624435010958858713e-35 1.373823795883263870e+02 1.309003671452924596e+30
1.624435010958858713e-35 1.743328822199987371e+02 1.274126183085215629e+30
1.624435010958858713e-35 2.212216291070450325e+02 1.251535649420083537e+30
1.624435010958858713e-35 2.807216203941175650e+02 1.243291739425717748e+30
1.624435010958858713e-35 3.562247890262444230e+02 1.242029249553559557e+30
1.624435010958858713e-35 4.520353656360240393e+02 1.238489051121344928e+30
1.624435010958858713e-35 5.736152510448681596e+02 1.228851872962120375e+30
1.624435010958858713e-35 7.278953843983146044e+02 1.218970855237758397e+30
1.624435010958858713e-35 9.236708571873865594e+02 1.221576040688698231e+30
1.624435010958858713e-35 1.172102297533480623e+03 1.249712680473423966e+30
1.624435010958858713e-35 1.487352107293511835e+03 1.312980730607147651e+30
1.624435010958858713e-35 1.887391822135097755e+03 1.417070891646172910e+30
1.624435010958858713e-35 2.395026619987485901e+03 1.571927477874943344e+30
1.624435010958858713e-35 3.039195382313198024e+03 1.784550074854084542e+30
1.624435010958858713e-35 3.856620421163472201e+03 2.099228509252841520e+30
1.624435010958858713e-35 4.893900918477494088e+03 2.601815788687924218e+30
1.624435010958858713e-35 6.210169418915616006e+03 3.448496882727239310e+30
1.624435010958858713e-35 7.880462815669912743e+03 4.899231151216129303e+30
1.624435010958858713e-35 1.000000000000000000e+04 7.452028717845618654e+30
1.969311337907413665e-35 1.000000000000000000e+01 8.104980077800714036e+29
1.969311337907413665e-35 1.268961003167922108e+01 7.590489387272653778e+29
1.969311337907413665e-35 1.610262027560939302e+01 7.329042370575314561e+29
1.969311337907413665e-35 2.043359717856941771e+01 7.324064638087196975e+29
1.969311337907413665e-35 2.592943797404667094e+01 7.563661503409110904e+29
1.969311337907413665e-35 3.290344562312667875e+01 8.000085251212228232e+29
1.969311337907413665e-35 4.175318936560400118e+01 8.560224987586861184e+29
1.969311337907413665e-35 5.298316906283707084e+01 9.141181660483143383e+29
1.969311337907413665e-35 6.723357536499334230e+01 9.598085193900508546e+29
1.969311337907413665e-35 8.531678524172805567e+01 9.803713500659266534e+29
1.969311337907413665e-35 1.082636733874054045e+02 9.739237810728737561e+29
1.969311337907413665e-35 1.373823795883263870e+02 9.503861183220270837e+29
1.969311337907413665e-35 1.743328822199987371e+02 9.249537959221409080e+29
1.969311337907413665e-35 2.212216291070450325e+02 9.084911284615340193e+29
1.969311337907413665e-35 2.807216203941175650e+02 9.024852998870295336e+29
1.969311337907413665e-35 3.562247890262444230e+02 9.015656396140597930e+29
1.969311337907413665e-35 4.520353656360240393e+02 8.989869023258081563e+29
1.969311337907413665e-35 5.736152510448681596e+02 8.919679025860947427e+29
1.969311337907413665e-35 7.278953843983146044e+02 8.847726063699715084e+29
1.969311337907413665e-35 9.236708571873865594e+02 8.866695609909247779e+29
1.969311337907413665e-35 1.172102297533480623e+03 9.071629809964037554e+29
1.969311337907413665e-35 1.487352107293511835e+03 9.532874391058776223e+29
1.969311337907413665e-35 1.887391822135097755e+03 1.029326323808199052e+30
1.969311337907413665e-35 2.395026619987485901e+03 1.138525684027019453e+30
1.969311337907413665e-35 3.039195382313198024e+03 1.294850522743071431e+30
1.969311337907413665e-35 3.856620421163472201e+03 1.523224832162878594e+30
1.969311337907413665e-35 4.893900918477494088e+03 1.887846231554027962e+30
1.969311337907413665e-35 6.210169418915616006e+03 2.502454568476805857e+30
1.969311337907413665e-35 7.880462815669912743e+03 3.557675741074481619e+30
1.969311337907413665e-35 1.000000000000000000e+04 5.409561003508256651e+30
2.387406771860637179e-35 1.000000000000000000e+01 5.880751018027847485e+29
2.387406771860637179e-35 1.268961003167922108e+01 5.507212607448466380e+29
2.387406771860637179e-35 1.610262027560939302e+01 5.317436221567630608e+29
2.387406771860637179e-35 2.043359717856941771e+01 5.313823264935971020e+29
2.387406771860637179e-35 2.592943797404667094e+01 5.487737916503890353e+29
2.387406771860637179e-35 3.290344562312667875e+01 5.804582750615759336e+29
2.387406771860637179e-35 4.175318936560400118e+01 6.211404198348512443e+29
2.387406771860637179e-35 5.298316906283707084e+01 6.633612220481500129e+29
2.387406771860637179e-35 6.723357536499334230e+01 6.965923124219846592e+29
2.387406771860637179e-35 8.531678524172805567e+01 7.115569308044021372e+29
2.387406771860637179e-35 1.082636733874054045e+02 7.068640473010865508e+29
2.387406771860637179e-35 1.373823795883263870e+02 6.897371245289513564e+29
2.387406771860637179e-35 1.743328822199987371e+02 6.712397863184481278e+29
2.387406771860637179e-35 2.212216291070450325e+02 6.592703298207394940e+29
2.387406771860637179e-35 2.807216203941175650e+02 6.549044302232736513e+29
2.387406771860637179e-35 3.562247890262444230e+02 6.542359224685411128e+29
2.387406771860637179e-35 4.520353656360240393e+02 6.523614662557045612e+29
2.387406771860637179e-35 5.736152510448681596e+02 6.472597736888961727e+29
2.387406771860637179e-35 7.278953843983146044e+02 6.420304458974405512e+29
2.387406771860637179e-35 9.236708571873865594e+02 6.434090477811797811e+29
2.387406771860637179e-35 1.172102297533480623e+03 6.583048082706035871e+29
2.387406771860637179e-35 1.487352107293511835e+03 6.918478328623328105e+29
2.387406771860637179e-35 1.887391822135097755e+03 7.472105888605431910e+29
2.387406771860637179e-35 2.395026619987485901e+03 8.269078326665681871e+29
2.387406771860637179e-35 3.039195382313198024e+03 9.377394692682700571e+29
2.387406771860637179e-35 3.856620421163472201e+03 1.105244733078635408e+30
2.387406771860637179e-35 4.893900918477494088e+03 1.370819254551836111e+30
2.387406771860637179e-35 6.210169418915616006e+03 1.815838222150703194e+30
2.387406771860637179e-35 7.880462815669912743e+03 2.582464834103598849e+30
2.387406771860637179e-35 1.000000000000000000e+04 3.926604871087427708e+30
2.894266124716740024e-35 1.000000000000000000e+01 4.266630571548960119e+29
2.894266124716740024e-35 1.268961003167922108e+01 3.995542083415267373e+29
2.894266124716740024e-35 1.610262027560939302e+01 3.857828435462719760e+29
2.894266124716740024e-35 2.043359717856941771e+01 3.855206714873914881e+29
2.894266124716740024e-35 2.592943797404667094e+01 3.981409684589200337e+29
2.894266124716740024e-35 3.290344562312667875e+01 4.211349562508423810e+29
2.894266124716740024e-35 4.175318936560400118e+01 4.506636033416205590e+29
2.894266124716740024e-35 5.298316906283707084e+01 4.813178406964429378e+29
2.894266124716740024e-35 6.723357536499334230e+01 5.054541541089897338e+29
2.894266124716740024e-35 8.531678524172805567e+01 5.163265321633495513e+29
2.894266124716740024e-35 1.082636733874054045e+02 5.129167223260051403e+29
2.894266124716740024e-35 1.373823795883263870e+02 5.004743262536863059e+29
2.894266124716740024e-35 1.743328822199987371e+02 4.870393509848966351e+29
2.894266124716740024e-35 2.212216291070450325e+02 4.783471652950948556e+29
2.894266124716740024e-35 2.807216203941175650e+02 4.751769190665585167e+29
2.894266124716740024e-35 3.562247890262444230e+02 4.746915016873006257e+29
2.894266124716740024e-35 4.520353656360240393e+02 4.733304361548331044e+29
2.894266124716740024e-35 5.736152510448681596e+02 4.696261523557362448e+29
2.894266124716740024e-35 7.278953843983146044e+02 4.658293657639553693e+29
2.894266124716740024e-35 9.236708571873865594e+02 4.668302919789552254e+29
2.894266124716740024e-35 1.172102297533480623e+03 4.776460518151932089e+29
2.894266124716740024e-35 1.487352107293511835e+03 5.020075669885627006e+29
2.894266124716740024e-35 1.887391822135097755e+03 5.422405119961741443e+29
2.894266124716740024e-35 2.395026619987485901e+03 6.002353302960569485e+29
2.894266124716740024e-35 3.039195382313198024e+03 6.811180263756168889e+29
2.894266124716740024e-35 3.856620421163472201e+03 7.999172508408313385e+29
2.894266124716740024e-35 4.893900918477494088e+03 9.946784079004037066e+29
2.894266124716740024e-35 6.210169418915616006e+03 1.317564660095188584e+30
2.894266124716740024e-35 7.880462815669912743e+03 1.874194952735752154e+30
2.894266124716740024e-35 1.000000000000000000e+04 2.845669185757808533e+30
3.508734455902700499e-35 1.000000000000000000e+01 3.095453792525979450e+29
3.508734455902700499e-35 1.268961003167922108e+01 2.898750447586196903e+29
3.508734455902700499e-35 1.610262027560939302e+01 2.798828759584699349e+29
3.508734455902700499e-35 2.043359717856941771e+01 2.796926525523532554e+29
3.508734455902700499e-35 2.592943797404667094e+01 2.888496208008499651e+29
3.508734455902700499e-35 3.290344562312667875e+01 3.055340568116960363e+29
3.508734455902700499e-35 4.175318936560400118e+01 3.269615153611619031e+29
3.508734455902700499e-35 5.298316906283707084e+01 3.492083868883734209e+29
3.508734455902700499e-35 6.723357536499334230e+01 3.667277683516565757e+29
3.508734455902700499e-35 8.531678524172805567e+01 3.746205717220158247e+29
3.508734455902700499e-35 1.082636733874054045e+02 3.721451387404669768e+29
3.508734455902700499e-35 1.373823795883263870e+02 3.631129013785465221e+29
3.508734455902700499e-35 1.743328822199987371e+02 3.533610927837795255e+29
3.508734455902700499e-35 2.212216291070450325e+02 3.470523093734854317e+29
3.508734455902700499e-35 2.807216203941175650e+02 3.447514263080026802e+29
3.508734455902700499e-35 3.562247890262444230e+02 3.443991264429293053e+29
3.508734455902700499e-35 4.520353656360240393e+02 3.434113150703485774e+29
3.508734455902700499e-35 5.736152510448681596e+02 3.407229178515024108e+29
3.508734455902700499e-35 7.278953843983146044e+02 3.379674386825991361e+29
3.508734455902700499e-35 9.236708571873865594e+02 3.386938456982079972e+29
3.508734455902700499e-35 1.172102297533480623e+03 3.465434557384366964e+29
3.508734455902700499e-35 1.487352107293511835e+03 3.642258692254061947e+29
3.508734455902700499e-35 1.887391822135097755e+03 3.934362602470361272e+29
3.508734455902700499e-35 2.395026619987485901e+03 4.355701070872758704e+29
3.508734455902700499e-35 3.039195382313198024e+03 4.944253848363435495e+29
3.508734455902700499e-35 3.856620421163472201e+03 5.812067982420984216e+29
3.508734455902700499e-35 4.893900918477494088e+03 7.217311507932493577e+29
3.508734455902700499e-35 6.210169418915616006e+03 9.559952244301709062e+29
3.508734455902700499e-35 7.880462815669912743e+03 1.360035355037497180e+30
3.508734455902700499e-35 1.000000000000000000e+04 2.067119544169903659e+30
4.253657732750374174e-35 1.000000000000000000e+01 2.245727362174882718e+29
4.253657732750374174e-35 1.268961003167922108e+01 2.103009878782246715e+29
4.253657732750374174e-35 1.610262027560939302e+01 2.030513861639223975e+29
4.253657732750374174e-35 2.043359717856941771e+01 2.029133748660863882e+29
4.253657732750374174e-35 2.592943797404667094e+01 2.095570081458111793e+29
4.253657732750374174e-35 3.290344562312667875e+01 2.216622933182739876e+29
4.253657732750374174e-35 4.175318936560400118e+01 2.372094052087174067e+29
4.253657732750374174e-35 5.298316906283707084e+01 2.533519021803015790e+29
4.253657732750374174e-35 6.723357536499334230e+01 2.660649360186635258e+29
4.253657732750374174e-35 8.531678524172805567e+01 2.717927097477528720e+29
4.253657732750374174e-35 1.082636733874054045e+02 2.699962742777017933e+29
4.253657732750374174e-35 1.373823795883263870e+02 2.634417137587832833e+29
4.253657732750374174e-35 1.743328822199987371e+02 2.563652580377912382e+29
4.253657732750374174e-35 2.212216291070450325e+02 2.517873899047935634e+29
4.253657732750374174e-35 2.807216203941175650e+02 2.501178145950717554e+29
4.253657732750374174e-35 3.562247890262444230e+02 2.498621785288918430e+29
4.253657732750374174e-35 4.520353656360240393e+02 2.491454036563122517e+29
4.253657732750374174e-35 5.736152510448681596e+02 2.471946619082592781e+29
4.253657732750374174e-35 7.278953843983146044e+02 2.451952603238239598e+29
4.253657732750374174e-35 9.236708571873865594e+02 2.457223465653548251e+29
4.253657732750374174e-35 1.172102297533480623e+03 2.514181525851630733e+29
4.253657732750374174e-35 1.487352107293511835e+03 2.642493634923264815e+29
4.253657732750374174e-35 1.887391822135097755e+03 2.854482126508199546e+29
4.253657732750374174e-35 2.395026619987485901e+03 3.160347967850420246e+29
4.253657732750374174e-35 3.039195382313198024e+03 3.587930726078562591e+29
4.253657732750374174e-35 3.856620421163472201e+03 4.219774153892578863e+29
4.253657732750374174e-35 4.893900918477494088e+03 5.225175973124490917e+29
4.253657732750374174e-35 6.210169418915616006e+03 6.941976328937908994e+29
4.253657732750374174e-35 7.880462815669912743e+03 9.868714671536836055e+29
4.253657732750374174e-35 1.000000000000000000e+04 1.500756354515011706e+30
5.156732244854953121e-35 1.000000000000000000e+01 1.630159998102437614e+29
5.156732244854953121e-35 1.268961003167922108e+01 1.526602383090241039e+29
5.156732244854953121e-35 1.610262027560939302e+01 1.473996362122851191e+29
5.156732244854953121e-35 2.043359717856941771e+01 1.472994881187516740e+29
5.156732244854953121e-35 2.592943797404667094e+01 1.521203836810516127e+29
5.156732244854953121e-35 3.290344562312667875e+01 1.609041813654851482e+29
5.156732244854953121e-35 4.175318936560400118e+01 1.720927067466482176e+29
5.156732244854953121e-35 5.298316906283707084e+01 1.838048605789761770e+29
5.156732244854953121e-35 6.723357536499334230e+01 1.930290858006856632e+29
5.156732244854953121e-35 8.531678524172805567e+01 1.971851044180526179e+29
5.156732244854953121e-35 1.082636733874054045e+02 1.958816200984889658e+29
5.156732244854953121e-35 1.373823795883263870e+02 1.911257232823976481e+29
5.156732244854953121e-35 1.743328822199987371e+02 1.859912413575747107e+29
5.156732244854953121e-35 2.212216291070450325e+02 1.826697137836769123e+29
5.156732244854953121e-35 2.807216203941175650e+02 1.814583420067533032e+29
5.156732244854953121e-35 3.562247890262444230e+02 1.812728639171494554e+29
5.156732244854953121e-35 4.520353656360240393e+02 1.807528047150370689e+29
5.156732244854953121e-35 5.736152510448681596e+02 1.793374395563567740e+29
5.156732244854953121e-35 7.278953843983146044e+02 1.778867754381978924e+29
5.156732244854953121e-35 9.236708571873865594e+02 1.782692017992567633e+29
5.156732244854953121e-35 1.172102297533480623e+03 1.824018107251379113e+29
5.156732244854953121e-35 1.487352107293511835e+03 1.917117378800466483e+29
5.156732244854953121e-35 1.887391822135097755e+03 2.070937279273670554e+29
5.156732244854953121e-35 2.395026619987485901e+03 2.292901423781726445e+29
5.156732244854953121e-35 3.039195382313198024e+03 2.603298239859978688e+29
5.156732244854953121e-35 3.856620421163472201e+03 3.062473732433828764e+29
5.156732244854953121e-35 4.893900918477494088e+03 3.795894955567505083e+29
5.156732244854953121e-35 6.210169418915616006e+03 5.037087811258712846e+29
5.156732244854953121e-35 7.880462815669912743e+03 7.160692110986259814e+29
5.156732244854953121e-35 1.000000000000000000e+04 1.089254870669541742e+30
6.251534353689698845e-35 1.000000000000000000e+01 1.182713320344093569e+29
6.251534353689698845e-35 1.268961003167922108e+01 1.107573989932566026e+29
6.251534353689698845e-35 1.610262027560939302e+01 1.069404248869570641e+29
6.251534353689698845e-35 2.043359717856941771e+01 1.068677597781883006e+29
6.251534353689698845e-35 2.592943797404667094e+01 1.103656922611741703e+29
6.251534353689698845e-35 3.290344562312667875e+01 1.167390359753107419e+29
6.251534353689698845e-35 4.175318936560400118e+01 1.249242122866880351e+29
6.251534353689698845e-35 5.298316906283707084e+01 1.334226868371978231e+29
6.251534353689698845e-35 6.723357536499334230e+01 1.400403646671083482e+29
6.251534353689698845e-35 8.531678524172805567e+01 1.430557144960151128e+29
6.251534353689698845e-35 1.082636733874054045e+02 1.421099835246370334e+29
6.251534353689698845e-35 1.373823795883263870e+02 1.386594132149908503e+29
6.251534353689698845e-35 1.743328822199987371e+02 1.349342123823985831e+29
6.251534353689698845e-35 2.212216291070450325e+02 1.325990265949923902e+29
6.251534353689698845e-35 2.807216203941175650e+02 1.317200543911494460e+29
6.251534353689698845e-35 3.562247890262444230e+02 1.315854710532035719e+29
6.251534353689698845e-35 4.520353656360240393e+02 1.312081144282859712e+29
6.251534353689698845e-35 5.736152510448681596e+02 1.301811175237596488e+29
6.251534353689698845e-35 7.278953843983146044e+02 1.291285021193576788e+29
6.251534353689698845e-35 9.236708571873865594e+02 1.294059947953876649e+29
6.251534353689698845e-35 1.172102297533480623e+03 1.324046362449586672e+29
6.251534353689698845e-35 1.487352107293511835e+03 1.390845851952817003e+29
6.251534353689698845e-35 1.887391822135097755e+03 1.502449313216228821e+29
6.251534353689698845e-35 2.395026619987485901e+03 1.663503866749137055e+29
6.251534353689698845e-35 3.039195382313198024e+03 1.888755524696111803e+29
6.251534353689698845e-35 3.856620421163472201e+03 2.222134850752223773e+29
6.251534353689698845e-35 4.893900918477494088e+03 2.755703298777449903e+29
6.251534353689698845e-35 6.210169418915616006e+03 3.654824708276389681e+29
6.251534353689698845e-35 7.880462815669912743e+03 5.195633827844382593e+29
6.251534353689698845e-35 1.000000000000000000e+04 7.904695088961741047e+29
7.578768863625914564e-35 1.000000000000000000e+01 8.580732128991902104e+28
7.578768863625914564e-35 1.268961003167922108e+01 8.035540475557364528e+28
7.578768863625914564e-35 1.610262027560939302e+01 7.758591491581925280e+28
7.578768863625914564e-35 2.043359717856941771e+01 7.753319119808597010e+28
7.578768863625914564e-35 2.592943797404667094e+01 8.007119302901664500e+28
7.578768863625914564e-35 3.290344562312667875e+01 8.469552491418556728e+28
7.578768863625914564e-35 4.175318936560400118e+01 9.063449836173210743e+28
7.578768863625914564e-35 5.298316906283707084e+01 9.680082195771249387e+28
7.578768863625914564e-35 6.723357536499334230e+01 1.016571398043849912e+29
7.578768863625914564e-35 8.531678524172805567e+01 1.038451517826802400e+29
7.578768863625914564e-35 1.082636733874054045e+02 1.031589098539229044e+29
7.578768863625914564e-35 1.373823795883263870e+02 1.006550755843600432e+29
7.578768863625914564e-35 1.743328822199987371e+02 9.795190421450386359e+28
7.578768863625914564e-35 2.212216291070450325e+02 9.620318921375431134e+28
7.578768863625914564e-35 2.807216203941175650e+02 9.556542344277623411e+28
7.578768863625914564e-35 3.562247890262444230e+02 9.546777232167770812e+28
7.578768863625914564e-35 4.520353656360240393e+02 9.519396954184412435e+28
7.578768863625914564e-35 5.736152510448681596e+02 9.444880044774790952e+28
7.578768863625914564e-35 7.278953843983146044e+02 9.368504351649859739e+28
7.578768863625914564e-35 9.236708571873865594e+02 9.388638667305556581e+28
7.578768863625914564e-35 1.172102297533480623e+03 9.606214318801109423e+28
7.578768863625914564e-35 1.487352107293511835e+03 1.009635952313371447e+29
7.578768863625914564e-35 1.887391822135097755e+03 1.090616984235857154e+29
7.578768863625914564e-35 2.395026619987485901e+03 1.206857688827968590e+29
7.578768863625914564e-35 3.039195382313198024e+03 1.370297381107703298e+29
7.578768863625914564e-35 3.856620421163472201e+03 1.612241942278450500e+29
7.578768863625914564e-35 4.893900918477494088e+03 1.999840712501955921e+29
7.578768863625914564e-35 6.210169418915616006e+03 2.648277223017044486e+29
7.578768863625914564e-35 7.880462815669912743e+03 3.772824071173094497e+29
7.578768863625914564e-35 1.000000000000000000e+04 5.735973893248645597e+29
9.187782428863321029e-35 1.000000000000000000e+01 6.209842643880290257e+28
9.187782428863321029e-35 1.268961003167922108e+01 5.820433870618776375e+28
9.187782428863321029e-35 1.610262027560939302e+01 5.621792214857030651e+28
9.187782428863321029e-35 2.043359717856941771e+01 5.618005867617471940e+28
9.187782428863321029e-35 2.592943797404667094e+01 5.800072191851044574e+28
9.187782428863321029e-35 3.290344562312667875e+01 6.130626138838711872e+28
9.187782428863321029e-35 4.175318936560400118e+01 6.575609085358610854e+28
9.187782428863321029e-35 5.298316906283707084e+01 7.023021702887500177e+28
9.187782428863321029e-35 6.723357536499334230e+01 7.375384937185210842e+28
9.187782428863321029e-35 8.531678524172805567e+01 7.534142416455311902e+28
9.187782428863321029e-35 1.082636733874054045e+02 7.484350141607392645e+28
9.187782428863321029e-35 1.373823795883263870e+02 7.302677371205679237e+28
9.187782428863321029e-35 1.743328822199987371e+02 7.106541474645909587e+28
9.187782428863321029e-35 2.212216291070450325e+02 6.979658925728759936e+28
9.187782428863321029e-35 2.807216203941175650e+02 6.933384212509964649e+28
9.187782428863321029e-35 3.562247890262444230e+02 6.926298889427440880e+28
9.187782428863321029e-35 4.520353656360240393e+02 6.906432441415669274e+28
9.187782428863321029e-35 5.736152510448681596e+02 6.852364845208964571e+28
9.187782428863321029e-35 7.278953843983146044e+02 6.796948589597672107e+28
9.187782428863321029e-35 9.236708571873865594e+02 6.811557532983933722e+28
9.187782428863321029e-35 1.172102297533480623e+03 6.969424971903535518e+28
9.187782428863321029e-35 1.487352107293511835e+03 7.325062871700987802e+28
9.187782428863321029e-35 1.887391822135097755e+03 7.912644870559597183e+28
9.187782428863321029e-35 2.395026619987485901e+03 8.760549144049919414e+28
9.187782428863321029e-35 3.039195382313198024e+03 9.941397134306634548e+28
9.187782428863321029e-35 3.856620421163472201e+03 1.169696109423547754e+29
9.187782428863321029e-35 4.893900918477494088e+03 1.451056006904228546e+29
9.187782428863321029e-35 6.210169418915616006e+03 1.922976288065718336e+29
9.187782428863321029e-35 7.880462815669912743e+03 2.737553863262022586e+29
9.187782428863321029e-35 1.000000000000000000e+04 4.162068773833752239e+29
1.113839826482618422e-34 1.000000000000000000e+01 4.511473153703756879e+28
1.113839826482618422e-34 1.268961003167922108e+01 4.226602203993188748e+28
1.113839826482618422e-34 1.610262027560939302e+01 4.081567166352634178e+28
1.113839826482618422e-34 2.043359717856941771e+01 4.078804289953803026e+28
1.113839826482618422e-34 2.592943797404667094e+01 4.211727325124357618e+28
1.113839826482618422e-34 3.290344562312667875e+01 4.453458568247690006e+28
1.113839826482618422e-34 4.175318936560400118e+01 4.762805824729320865e+28
1.113839826482618422e-34 5.298316906283707084e+01 5.082295715390174360e+28
1.113839826482618422e-34 6.723357536499334230e+01 5.350902403518251212e+28
1.113839826482618422e-34 8.531678524172805567e+01 5.466092567138694197e+28
1.113839826482618422e-34 1.082636733874054045e+02 5.429964613842642959e+28
1.113839826482618422e-34 1.373823795883263870e+02 5.298147793479448498e+28
1.113839826482618422e-34 1.743328822199987371e+02 5.155837140850248762e+28
1.113839826482618422e-34 2.212216291070450325e+02 5.051419133907079146e+28
1.113839826482618422e-34 2.807216203941175650e+02 5.018446987321986182e+28
1.113839826482618422e-34 3.562247890262444230e+02 5.013396493911601451e+28
1.113839826482618422e-34 4.520353656360240393e+02 4.999232702415377653e+28
1.113839826482618422e-34 5.736152510448681596e+02 4.960664735348627993e+28
1.113839826482618422e-34 7.278953843983146044e+02 4.921104352177449668e+28
1.113839826482618422e-34 9.236708571873865594e+02 4.931536277097050129e+28
1.113839826482618422e-34 1.172102297533480623e+03 5.044129078647501652e+28
1.113839826482618422e-34 1.487352107293511835e+03 5.314390094876982278e+28
1.113839826482618422e-34 1.887391822135097755e+03 5.740724376742083760e+28
1.113839826482618422e-34 2.395026619987485901e+03 6.355945331068497974e+28
1.113839826482618422e-34 3.039195382313198024e+03 7.216408485975265187e+28
1.113839826482618422e-34 3.856620421163472201e+03 8.486089879098032373e+28
1.113839826482618422e-34 4.893900918477494088e+03 1.052785538356455283e+29
1.113839826482618422e-34 6.210169418915616006e+03 1.395673073140643346e+29
1.113839826482618422e-34 7.880462815669912743e+03 1.986321046732238073e+29
1.113839826482618422e-34 1.000000000000000000e+04 3.019937769484532468e+29
1.350314037869872110e-34 1.000000000000000000e+01 3.275181918901644937e+28
1.350314037869872110e-34 1.268961003167922108e+01 3.067601964932633311e+28
1.350314037869872110e-34 1.610262027560939302e+01 2.962041741228641525e+28
1.350314037869872110e-34 2.043359717856941771e+01 2.960031558003633079e+28
1.350314037869872110e-34 2.592943797404667094e+01 3.056772143712407724e+28
1.350314037869872110e-34 3.290344562312667875e+01 3.232878716763369411e+28
1.350314037869872110e-34 4.175318936560400118e+01 3.458646333276278191e+28
1.350314037869872110e-34 5.298316906283707084e+01 3.692394206787409806e+28
1.350314037869872110e-34 6.723357536499334230e+01 3.875860602826077481e+28
1.350314037869872110e-34 8.531678524172805567e+01 3.958306403288203442e+28
1.350314037869872110e-34 1.082636733874054045e+02 3.932463886525105128e+28
1.350314037869872110e-34 1.373823795883263870e+02 3.838055497365928389e+28
1.350314037869872110e-34 1.743328822199987371e+02 3.735935981499285266e+28
1.350314037869872110e-34 2.212216291070450325e+02 3.669775259839491330e+28
1.350314037869872110e-34 2.807216203941175650e+02 3.645628292333624215e+28
1.350314037869872110e-34 3.562247890262444230e+02 3.641930232383616365e+28
1.350314037869872110e-34 4.520353656360240393e+02 3.631560155455232507e+28
1.350314037869872110e-34 5.736152510448681596e+02 3.603329120602544744e+28
1.350314037869872110e-34 7.278953843983146044e+02 3.574381609355920724e+28
1.350314037869872110e-34 9.236708571873865594e+02 3.582013992532700459e+28
1.350314037869872110e-34 1.172102297533480623e+03 3.664435800619693433e+28
1.350314037869872110e-34 1.487352107293511835e+03 3.849698004466861105e+28
1.350314037869872110e-34 1.887391822135097755e+03 4.154244280626644892e+28
1.350314037869872110e-34 2.395026619987485901e+03 4.611312622296479175e+28
1.350314037869872110e-34 3.039195382313198024e+03 5.235645864463482419e+28
1.350314037869872110e-34 3.856620421163472201e+03 6.156556004927902065e+28
1.350314037869872110e-34 4.893900918477494088e+03 7.638021032156403364e+28
1.350314037869872110e-34 6.210169418915616006e+03 1.012731046600147939e+29
1.350314037869872110e-34 7.880462815669912743e+03 1.439328101767181100e+29
1.350314037869872110e-34 1.000000000000000000e+04 2.192877020885628039e+29
1.636993001611702002e-34 1.000000000000000000e+01 2.376741292619397395e+28
1.636993001611702002e-34 1.268961003167922108e+01 2.225830483091106615e+28
1.636993001611702002e-34 1.610262027560939302e+01 2.149136405184406440e+28
1.636993001611702002e-34 2.043359717856941771e+01 2.147676185054336486e+28
1.636993001611702002e-34 2.592943797404667094e+01 2.217960822130513820e+28
1.636993001611702002e-34 3.290344562312667875e+01 2.345975127149559917e+28
1.636993001611702002e-34 4.175318936560400118e+01 2.510253664801327587e+28
1.636993001611702002e-34 5.298316906283707084e+01 2.680593052263424606e+28
1.636993001611702002e-34 6.723357536499334230e+01 2.814515865481592522e+28
1.636993001611702002e-34 8.531678524172805567e+01 2.874772203864683964e+28
1.636993001611702002e-34 1.082636733874054045e+02 2.855879667287289408e+28
1.636993001611702002e-34 1.373823795883263870e+02 2.786901574794779015e+28
1.636993001611702002e-34 1.743328822199987371e+02 2.712357221763713071e+28
1.636993001611702002e-34 2.212216291070450325e+02 2.664096766000141414e+28
1.636993001611702002e-34 2.807216203941175650e+02 2.646489376064677072e+28
1.636993001611702002e-34 3.562247890262444230e+02 2.643793135708867016e+28
1.636993001611702002e-34 4.520353656360240393e+02 2.636232769890036391e+28
1.636993001611702002e-34 5.736152510448681596e+02 2.615653823847356862e+28
1.636993001611702002e-34 7.278953843983146044e+02 2.594557145927328187e+28
1.636993001611702002e-34 9.236708571873865594e+02 2.600119116720504909e+28
1.636993001611702002e-34 1.172102297533480623e+03 2.660203069289814729e+28
1.636993001611702002e-34 1.487352107293511835e+03 2.795404705326594714e+28
1.636993001611702002e-34 1.887391822135097755e+03 3.018182781402616771e+28
1.636993001611702002e-34 2.395026619987485901e+03 3.337798067938172210e+28
1.636993001611702002e-34 3.039195382313198024e+03 3.798525239141077943e+28
1.636993001611702002e-34 3.856620421163472201e+03 4.469142609285977883e+28
1.636993001611702002e-34 4.893900918477494088e+03 5.541335397381954175e+28
1.636993001611702002e-34 6.210169418915616006e+03 7.347834695676421183e+28
1.636993001611702002e-34 7.880462815669912743e+03 1.045111462743590761e+29
1.636993001611702002e-34 1.000000000000000000e+04 1.591166340207498806e+29
1.984535457805803197e-34 1.000000000000000000e+01 1.724434094045135942e+28
1.984535457805803197e-34 1.268961003167922108e+01 1.614852874079268785e+28
1.984535457805803197e-34 1.610262027560939302e+01 1.559179212473576312e+28
1.984535457805803197e-34 2.043359717856941771e+01 1.558119297544723350e+28
1.984535457805803197e-34 2.592943797404667094e+01 1.609139703943004374e+28
1.984535457805803197e-34 3.290344562312667875e+01 1.702089680393310200e+28
1.984535457805803197e-34 4.175318936560400118e+01 1.821430063458189484e+28
1.984535457805803197e-34 5.298316906283707084e+01 1.945271714936014741e+28
1.984535457805803197e-34 6.723357536499334230e+01 2.042730575729053154e+28
1.984535457805803197e-34 8.531678524172805567e+01 2.086612763380274025e+28
1.984535457805803197e-34 1.082636733874054045e+02 2.072851782621143522e+28
1.984535457805803197e-34 1.373823795883263870e+02 2.022627228347904690e+28
1.984535457805803197e-34 1.743328822199987371e+02 1.968379001997738397e+28
1.984535457805803197e-34 2.212216291070450325e+02 1.933273118962972402e+28
1.984535457805803197e-34 2.807216203941175650e+02 1.920467719467503824e+28
1.984535457805803197e-34 3.562247890262444230e+02 1.918506934961632740e+28
1.984535457805803197e-34 4.520353656360240393e+02 1.913008986043296073e+28
1.984535457805803197e-34 5.736152510448681596e+02 1.898045080016604034e+28
1.984535457805803197e-34 7.278953843983146044e+02 1.882706540025237543e+28
1.984535457805803197e-34 9.236708571873865594e+02 1.886750247309773447e+28
1.984535457805803197e-34 1.172102297533480623e+03 1.930441214504463917e+28
1.984535457805803197e-34 1.487352107293511835e+03 2.028817114844010028e+28
1.984535457805803197e-34 1.887391822135097755e+03 2.191146275628745164e+28
1.984535457805803197e-34 2.395026619987485901e+03 2.424695585224333829e+28
1.984535457805803197e-34 3.039195382313198024e+03 2.749098149555068173e+28
1.984535457805803197e-34 3.856620421163472201e+03 3.242430195233604712e+28
1.984535457805803197e-34 4.893900918477494088e+03 4.020167510021626185e+28
1.984535457805803197e-34 6.210169418915616006e+03 5.330951000820555013e+28
1.984535457805803197e-34 7.880462815669912743e+03 7.585224101527704559e+28
1.984535457805803197e-34 1.000000000000000000e+04 1.154535337794082998e+29
2.405863054644066844e-34 1.000000000000000000e+01 1.251051371954931343e+28
2.405863054644066844e-34 1.268961003167922108e+01 1.171523857139606940e+28
2.405863054644066844e-34 1.610262027560939302e+01 1.131124082654344191e+28
2.405863054644066844e-34 2.043359717856941771e+01 1.130354976468623889e+28
2.405863054644066844e-34 2.592943797404667094e+01 1.167377950916249063e+28
2.405863054644066844e-34 3.290344562312667875e+01 1.234833877192972262e+28
2.405863054644066844e-34 4.175318936560400118e+01 1.321460447494847257e+28
2.405863054644066844e-34 5.298316906283707084e+01 1.411387547338505395e+28
2.405863054644066844e-34 6.723357536499334230e+01 1.482190593139275956e+28
2.405863054644066844e-34 8.531678524172805567e+01 1.514082890313208520e+28
2.405863054644066844e-34 1.082636733874054045e+02 1.504080902125046024e+28
2.405863054644066844e-34 1.373823795883263870e+02 1.467582763880057439e+28
2.405863054644066844e-34 1.743328822199987371e+02 1.428171726283712503e+28
2.405863054644066844e-34 2.212216291070450325e+02 1.402672938241947467e+28
2.405863054644066844e-34 2.807216203941175650e+02 1.393372835139042542e+28
2.405863054644066844e-34 3.562247890262444230e+02 1.391948831031137852e+28
2.405863054644066844e-34 4.520353656360240393e+02 1.387956049833546393e+28
2.405863054644066844e-34 5.736152510448681596e+02 1.377089237464119587e+28
2.405863054644066844e-34 7.278953843983146044e+02 1.365951010881837444e+28
2.405863054644066844e-34 9.236708571873865594e+02 1.368887325573646340e+28
2.405863054644066844e-34 1.172102297533480623e+03 1.400616184548520861e+28
2.405863054644066844e-34 1.487352107293511835e+03 1.472080395001607705e+28
2.405863054644066844e-34 1.887391822135097755e+03 1.590092057802018736e+28
2.405863054644066844e-34 2.395026619987485901e+03 1.760158359283424897e+28
2.405863054644066844e-34 3.039195382313198024e+03 1.997185210162317982e+28
2.405863054644066844e-34 3.856620421163472201e+03 2.352407615292691328e+28
2.405863054644066844e-34 4.893900918477494088e+03 2.918327211213797815e+28
2.405863054644066844e-34 6.210169418915616006e+03 3.867591098160616141e+28
2.405863054644066844e-34 7.880462815669912743e+03 5.503981701555638994e+28
2.405863054644066844e-34 1.000000000000000000e+04 8.360199228222776794e+28
2.916640776023706606e-34 1.000000000000000000e+01 9.075858786448766193e+27
2.916640776023706606e-34 1.268961003167922108e+01 8.498819467147156523e+27
2.916640776023706606e-34 1.610262027560939302e+01 8.205698232752345771e+27
2.916640776023706606e-34 2.043359717856941771e+01 8.200118037810365664e+27
2.916640776023706606e-34 2.592943797404667094e+01 8.468738431486187325e+27
2.916640776023706606e-34 3.290344562312667875e+01 8.958183718406809985e+27
2.916640776023706606e-34 4.175318936560400118e+01 9.586778558572547573e+27
2.916640776023706606e-34 5.298316906283707084e+01 1.023942088998843156e+28
2.916640776023706606e-34 6.723357536499334230e+01 1.075337712886616715e+28
2.916640776023706606e-34 8.531678524172805567e+01 1.098492248497960982e+28
2.916640776023706606e-34 1.082636733874054045e+02 1.091230269176084524e+28
2.916640776023706606e-34 1.373823795883263870e+02 1.064733001216966516e+28
2.916640776023706606e-34 1.743328822199987371e+02 1.036124660107229797e+28
2.916640776023706606e-34 2.212216291070450325e+02 1.017616920051285870e+28
2.916640776023706606e-34 2.807216203941175650e+02 1.010866945357398177e+28
2.916640776023706606e-34 3.562247890262444230e+02 1.009833422829130295e+28
2.916640776023706606e-34 4.520353656360240393e+02 1.006935536019739262e+28
2.916640776023706606e-34 5.736152510448681596e+02 9.990487402040958319e+27
2.916640776023706606e-34 7.278953843983146044e+02 9.909651578125351241e+27
2.916640776023706606e-34 9.236708571873865594e+02 9.930961732134788158e+27
2.916640776023706606e-34 1.172102297533480623e+03 1.016124123734862279e+28
2.916640776023706606e-34 1.487352107293511835e+03 1.067998049587100727e+28
2.916640776023706606e-34 1.887391822135097755e+03 1.153689572555835212e+28
2.916640776023706606e-34 2.395026619987485901e+03 1.277282570680929161e+28
2.916640776023706606e-34 3.039195382313198024e+03 1.449873119266535369e+28
2.916640776023706606e-34 3.856620421163472201e+03 1.704124421675830427e+28
2.916640776023706606e-34 4.893900918477494088e+03 2.117286465176631198e+28
2.916640776023706606e-34 6.210169418915616006e+03 2.805895062087768749e+28
2.916640776023706606e-34 7.880462815669912743e+03 3.993387142222123967e+28
2.916640776023706606e-34 1.000000000000000000e+04 6.072749408563721253e+28
3.535859366535183150e-34 1.000000000000000000e+01 6.584034165896283846e+27
3.535859366535183150e-34 1.268961003167922108e+01 6.165377934900466558e+27
3.535859366535183150e-34 1.610262027560939302e+01 5.952715523551605695e+27
3.535859366535183150e-34 2.043359717856941771e+01 5.948667060471435612e+27
3.535859366535183150e-34 2.592943797404667094e+01 6.143553720368708172e+27
3.535859366535183150e-34 3.290344562312667875e+01 6.498656982527439167e+27
3.535859366535183150e-34 4.175318936560400118e+01 6.954731175071042979e+27
3.535859366535183150e-34 5.298316906283707084e+01 7.428279706445611117e+27
3.535859366535183150e-34 6.723357536499334230e+01 7.801229081112179842e+27
3.535859366535183150e-34 8.531678524172805567e+01 7.969260366067709094e+27
3.535859366535183150e-34 1.082636733874054045e+02 7.916559644290962729e+27
3.535859366535183150e-34 1.373823795883263870e+02 7.724273878940610344e+27
3.535859366535183150e-34 1.743328822199987371e+02 7.516679013766066500e+27
3.535859366535183150e-34 2.212216291070450325e+02 7.382383540403917426e+27
3.535859366535183150e-34 2.807216203941175650e+02 7.333405358862621804e+27
3.535859366535183150e-34 3.562247890262444230e+02 7.325906100891642585e+27
3.535859366535183150e-34 4.520353656360240393e+02 7.304879033928080819e+27
3.535859366535183150e-34 5.736152510448681596e+02 7.247652817172383370e+27
3.535859366535183150e-34 7.278953843983146044e+02 7.188999269106030187e+27
3.535859366535183150e-34 9.236708571873865594e+02 7.204461621239320639e+27
3.535859366535183150e-34 1.172102297533480623e+03 7.371551692521444982e+27
3.535859366535183150e-34 1.487352107293511835e+03 7.747967192161437751e+27
3.535859366535183150e-34 1.887391822135097755e+03 8.369863575390630115e+27
3.535859366535183150e-34 2.395026619987485901e+03 9.267158389812907327e+27
3.535859366535183150e-34 3.039195382313198024e+03 1.052140601899877170e+28
3.535859366535183150e-34 3.856620421163472201e+03 1.237402057667969863e+28
3.535859366535183150e-34 4.893900918477494088e+03 1.536104459829606293e+28
3.535859366535183150e-34 6.210169418915616006e+03 2.036825130428596902e+28
3.535859366535183150e-34 7.880462815669912743e+03 2.897252578410135531e+28
3.535859366535183150e-34 1.000000000000000000e+04 4.408382119779941605e+28
4.286541408420934214e-34 1.000000000000000000e+01 4.776293223142717459e+27
4.286541408420934214e-34 1.268961003167922108e+01 4.474375668544965716e+27
4.286541408420934214e-34 1.610262027560939302e+01 4.320074819065848722e+27
4.286541408420934214e-34 2.043359717856941771e+01 4.317137358783617727e+27
4.286541408420934214e-34 2.592943797404667094e+01 4.458540863750922356e+27
4.286541408420934214e-34 3.290344562312667875e+01 4.714352043200580651e+27
4.286541408420934214e-34 4.175318936560400118e+01 5.045237003813028101e+27
4.286541408420934214e-34 5.298316906283707084e+01 5.388808520717573401e+27
4.286541408420934214e-34 6.723357536499334230e+01 5.659401246898557759e+27
4.286541408420934214e-34 8.531678524172805567e+01 5.781319249951000099e+27
4.286541408420934214e-34 1.082636733874054045e+02 5.743081082831560619e+27
4.286541408420934214e-34 1.373823795883263870e+02 5.603565791929381199e+27
4.286541408420934214e-34 1.743328822199987371e+02 5.452945692698065862e+27
4.286541408420934214e-34 2.212216291070450325e+02 5.355509215755174256e+27
4.286541408420934214e-34 2.807216203941175650e+02 5.319973919967944851e+27
4.286541408420934214e-34 3.562247890262444230e+02 5.314532970251179502e+27
4.286541408420934214e-34 4.520353656360240393e+02 5.299277180622014450e+27
4.286541408420934214e-34 5.736152510448681596e+02 5.257757893603712657e+27
4.286541408420934214e-34 7.278953843983146044e+02 5.215203196393874518e+27
4.286541408420934214e-34 9.236708571873865594e+02 5.226421525597104298e+27
4.286541408420934214e-34 1.172102297533480623e+03 5.347650340093015062e+27
4.286541408420934214e-34 1.487352107293511835e+03 5.620756619326552284e+27
4.286541408420934214e-34 1.887391822135097755e+03 6.071994531512113743e+27
4.286541408420934214e-34 2.395026619987485901e+03 6.723151954603074709e+27
4.286541408420934214e-34 3.039195382313198024e+03 7.633737862733965995e+27
4.286541408420934214e-34 3.856620421163472201e+03 8.980584654693626992e+27
4.286541408420934214e-34 4.893900918477494088e+03 1.113006773125745167e+28
4.286541408420934214e-34 6.210169418915616006e+03 1.477750318992344794e+28
4.286541408420934214e-34 7.880462815669912743e+03 2.101948302194844786e+28
4.286541408420934214e-34 1.000000000000000000e+04 3.199116892479899580e+28
5.196597302486207915e-34 1.000000000000000000e+01 3.466320290619107374e+27
5.196597302486207915e-34 1.268961003167922108e+01 3.245932643601286360e+27
5.196597302486207915e-34 1.610262027560939302e+01 3.133981052731019207e+27
5.196597302486207915e-34 2.043359717856941771e+01 3.131849805227291642e+27
5.196597302486207915e-34 2.592943797404667094e+01 3.234443842401437499e+27
5.196597302486207915e-34 3.290344562312667875e+01 3.421376745618919005e+27
5.196597302486207915e-34 4.175318936560400118e+01 3.661457850162532542e+27
5.196597302486207915e-34 5.298316906283707084e+01 3.909234940033059001e+27
5.196597302486207915e-34 6.723357536499334230e+01 4.105552196288226945e+27
5.196597302486207915e-34 8.531678524172805567e+01 4.194005818362161049e+27
5.196597302486207915e-34 1.082636733874054045e+02 4.166263286709042034e+27
5.196597302486207915e-34 1.373823795883263870e+02 4.065042843961448322e+27
5.196597302486207915e-34 1.743328822199987371e+02 3.955766697615991076e+27
5.196597302486207915e-34 2.212216291070450325e+02 3.885076237021828311e+27
5.196597302486207915e-34 2.807216203941175650e+02 3.859295369298422807e+27
5.196597302486207915e-34 3.562247890262444230e+02 3.855347963223914036e+27
5.196597302486207915e-34 4.520353656360240393e+02 3.844279902554109008e+27
5.196597302486207915e-34 5.736152510448681596e+02 3.814157747801475396e+27
5.196597302486207915e-34 7.278953843983146044e+02 3.783284477557012281e+27
5.196597302486207915e-34 9.236708571873865594e+02 3.791423325436848642e+27
5.196597302486207915e-34 1.172102297533480623e+03 3.879374615905626716e+27
5.196597302486207915e-34 1.487352107293511835e+03 4.077514999580426930e+27
5.196597302486207915e-34 1.887391822135097755e+03 4.404899024790489306e+27
5.196597302486207915e-34 2.395026619987485901e+03 4.877356190700770970e+27
5.196597302486207915e-34 3.039195382313198024e+03 5.538156888780741950e+27
5.196597302486207915e-34 3.856620421163472201e+03 6.516151259906313284e+27
5.196597302486207915e-34 4.893900918477494088e+03 8.080873547739121625e+27
5.196597302486207915e-34 6.210169418915616006e+03 1.072121307180433333e+28
5.196597302486207915e-34 7.880462815669912743e+03 1.524940165335980649e+28
5.196597302486207915e-34 1.000000000000000000e+04 2.321204497599040654e+28
6.299862978380706532e-34 1.000000000000000000e+01 2.514622648316880790e+27
6.299862978380706532e-34 1.268961003167922108e+01 2.354722460949175742e+27
6.299862978380706532e-34 1.610262027560939302e+01 2.273497048210731337e+27
6.299862978380706532e-34 2.043359717856941771e+01 2.271950741948810284e+27
6.299862978380706532e-34 2.592943797404667094e+01 2.346386870269966621e+27
6.299862978380706532e-34 3.290344562312667875e+01 2.482014277924424188e+27
6.299862978380706532e-34 4.175318936560400118e+01 2.656202918893916962e+27
6.299862978380706532e-34 5.298316906283707084e+01 2.837064539594738886e+27
6.299862978380706532e-34 6.723357536499334230e+01 2.979506494459702515e+27
6.299862978380706532e-34 8.531678524172805567e+01 3.043684674668235552e+27
6.299862978380706532e-34 1.082636733874054045e+02 3.023555942432715431e+27
6.299862978380706532e-34 1.373823795883263870e+02 2.950114418271365235e+27
6.299862978380706532e-34 1.743328822199987371e+02 2.870826948857235052e+27
6.299862978380706532e-34 2.212216291070450325e+02 2.819535429245838398e+27
6.299862978380706532e-34 2.807216203941175650e+02 2.800829232561621045e+27
6.299862978380706532e-34 3.562247890262444230e+02 2.797965049259361550e+27
6.299862978380706532e-34 4.520353656360240393e+02 2.789934207525320776e+27
6.299862978380706532e-34 5.736152510448681596e+02 2.768077886578628826e+27
6.299862978380706532e-34 7.278953843983146044e+02 2.745676447136615744e+27
6.299862978380706532e-34 9.236708571873865594e+02 2.751581952737099685e+27
6.299862978380706532e-34 1.172102297533480623e+03 2.815398428245811796e+27
6.299862978380706532e-34 1.487352107293511835e+03 2.959163763209315572e+27
6.299862978380706532e-34 1.887391822135097755e+03 3.195472145287131085e+27
6.299862978380706532e-34 2.395026619987485901e+03 3.538247378357891816e+27
6.299862978380706532e-34 3.039195382313198024e+03 4.017700803460222247e+27
6.299862978380706532e-34 3.856620421163472201e+03 4.727474331100580646e+27
6.299862978380706532e-34 4.893900918477494088e+03 5.864443335535684607e+27
6.299862978380706532e-34 6.210169418915616006e+03 7.764557023831451242e+27
6.299862978380706532e-34 7.880462815669912743e+03 1.106969608513920227e+28
6.299862978380706532e-34 1.000000000000000000e+04 1.684095564804280242e+28
7.637357916378042673e-34 1.000000000000000000e+01 1.824188737503256507e+27
7.637357916378042673e-34 1.268961003167922108e+01 1.704598206290123192e+27
7.637357916378042673e-34 1.610262027560939302e+01 1.646521311836654322e+27
7.637357916378042673e-34 2.043359717856941771e+01 1.645414007155143998e+27
7.637357916378042673e-34 2.592943797404667094e+01 1.698646464927295306e+27
7.637357916378042673e-34 3.290344562312667875e+01 1.800530050578918085e+27
7.637357916378042673e-34 4.175318936560400118e+01 1.926910938775425997e+27
7.637357916378042673e-34 5.298316906283707084e+01 2.058133373058360016e+27
7.637357916378042673e-34 6.723357536499334230e+01 2.161480816765943632e+27
7.637357916378042673e-34 8.531678524172805567e+01 2.208044716880535061e+27
7.637357916378042673e-34 1.082636733874054045e+02 2.193440495446187765e+27
7.637357916378042673e-34 1.373823795883263870e+02 2.140155663250186715e+27
7.637357916378042673e-34 1.743328822199987371e+02 2.082629372380579377e+27
7.637357916378042673e-34 2.212216291070450325e+02 2.045415291553288020e+27
7.637357916378042673e-34 2.807216203941175650e+02 2.031843186581399363e+27
7.637357916378042673e-34 3.562247890262444230e+02 2.029765105381196425e+27
7.637357916378042673e-34 4.520353656360240393e+02 2.023938403908538117e+27
7.637357916378042673e-34 5.736152510448681596e+02 2.008080756809218264e+27
7.637357916378042673e-34 7.278953843983146044e+02 1.991827604740097545e+27
7.637357916378042673e-34 9.236708571873865594e+02 1.996112288294875614e+27
7.637357916378042673e-34 1.172102297533480623e+03 2.042413729367037571e+27
7.637357916378042673e-34 1.487352107293511835e+03 2.146721333667675445e+27
7.637357916378042673e-34 1.887391822135097755e+03 2.319061912447998487e+27
7.637357916378042673e-34 2.395026619987485901e+03 2.566768150570185033e+27
7.637357916378042673e-34 3.039195382313198024e+03 2.914618985286684681e+27
7.637357916378042673e-34 3.856620421163472201e+03 3.429620671045774832e+27
7.637357916378042673e-34 4.893900918477494088e+03 4.255019585128017376e+27
7.637357916378042673e-34 6.210169418915616006e+03 5.638832019628833993e+27
7.637357916378042673e-34 7.880462815669912743e+03 8.031245276288465963e+27
7.637357916378042673e-34 1.000000000000000000e+04 1.221818040462184655e+28
9.258810253973983519e-34 1.000000000000000000e+01 1.321359547165711187e+27
9.258810253973983519e-34 1.268961003167922108e+01 1.237998574652433784e+27
9.258810253973983519e-34 1.610262027560939302e+01 1.195534688710003248e+27
9.258810253973983519e-34 2.043359717856941771e+01 1.194725631151812311e+27
9.258810253973983519e-34 2.592943797404667094e+01 1.233644105085667658e+27
9.258810253973983519e-34 3.290344562312667875e+01 1.304388138699800214e+27
9.258810253973983519e-34 4.175318936560400118e+01 1.394849033840638115e+27
9.258810253973983519e-34 5.298316906283707084e+01 1.493037267236398484e+27
9.258810253973983519e-34 6.723357536499334230e+01 1.568019998842730273e+27
9.258810253973983519e-34 8.531678524172805567e+01 1.601803986800646260e+27
9.258810253973983519e-34 1.082636733874054045e+02 1.591208034727554864e+27
9.258810253973983519e-34 1.373823795883263870e+02 1.552547739654615108e+27
9.258810253973983519e-34 1.743328822199987371e+02 1.510810099105036415e+27
9.258810253973983519e-34 2.212216291070450325e+02 1.483809787737591794e+27
9.258810253973983519e-34 2.807216203941175650e+02 1.473962680020688898e+27
9.258810253973983519e-34 3.562247890262444230e+02 1.472454948590085289e+27
9.258810253973983519e-34 4.520353656360240393e+02 1.468227442509787146e+27
9.258810253973983519e-34 5.736152510448681596e+02 1.456722082391394953e+27
9.258810253973983519e-34 7.278953843983146044e+02 1.444929767734111274e+27
9.258810253973983519e-34 9.236708571873865594e+02 1.448038477729268179e+27
9.258810253973983519e-34 1.172102297533480623e+03 1.481632033704438827e+27
9.258810253973983519e-34 1.487352107293511835e+03 1.557311398955152125e+27
9.258810253973983519e-34 1.887391822135097755e+03 1.682351453737595009e+27
9.258810253973983519e-34 2.395026619987485901e+03 1.862796483145402347e+27
9.258810253973983519e-34 3.039195382313198024e+03 2.114368045277174168e+27
9.258810253973983519e-34 3.856620421163472201e+03 2.488014331092381447e+27
9.258810253973983519e-34 4.893900918477494088e+03 3.086984640614853237e+27
9.258810253973983519e-34 6.210169418915616006e+03 4.092758048134023965e+27
9.258810253973983519e-34 7.880462815669912743e+03 5.826739818903273917e+27
9.258810253973983519e-34 1.000000000000000000e+04 8.864199356242134951e+27
1.122450568085310384e-33 1.000000000000000000e+01 9.593391048497032047e+26
1.122450568085310384e-33 1.268961003167922108e+01 8.985305799896328556e+26
1.122450568085310384e-33 1.610262027560939302e+01 8.675982231607660671e+26
1.122450568085310384e-33 2.043359717856941771e+01 8.670091249978576453e+26
1.122450568085310384e-33 2.592943797404667094e+01 8.953573790174256867e+26
1.122450568085310384e-33 3.290344562312667875e+01 9.469490591857030867e+26
1.122450568085310384e-33 4.175318936560400118e+01 1.013057763507420285e+27
1.122450568085310384e-33 5.298316906283707084e+01 1.081456549115288710e+27
1.122450568085310384e-33 6.723357536499334230e+01 1.135102200733675667e+27
1.122450568085310384e-33 8.531678524172805567e+01 1.159196557450389007e+27
1.122450568085310384e-33 1.082636733874054045e+02 1.151645115629476021e+27
1.122450568085310384e-33 1.373823795883263870e+02 1.124051119909247853e+27
1.122450568085310384e-33 1.743328822199987371e+02 1.094191585416991672e+27
1.122450568085310384e-33 2.212216291070450325e+02 1.074840201140288620e+27
1.122450568085310384e-33 2.807216203941175650e+02 1.067776300598719674e+27
1.122450568085310384e-33 3.562247890262444230e+02 1.066694425570795335e+27
1.122450568085310384e-33 4.520353656360240393e+02 1.063660564305066896e+27
1.122450568085310384e-33 5.736152510448681596e+02 1.055400769267324399e+27
1.122450568085310384e-33 7.278953843983146044e+02 1.046930533536832918e+27
1.122450568085310384e-33 9.236708571873865594e+02 1.049163899038570618e+27
1.122450568085310384e-33 1.172102297533480623e+03 1.073278259263934047e+27
1.122450568085310384e-33 1.487352107293511835e+03 1.127454598782150852e+27
1.122450568085310384e-33 1.887391822135097755e+03 1.220433039992345943e+27
1.122450568085310384e-33 2.395026619987485901e+03 1.351353170213963649e+27
1.122450568085310384e-33 3.039195382313198024e+03 1.534470504133574844e+27
1.122450568085310384e-33 3.856620421163472201e+03 1.804901535643464278e+27
1.122450568085310384e-33 4.893900918477494088e+03 2.239489704800333046e+27
1.122450568085310384e-33 6.210169418915616006e+03 2.969739346658707030e+27
1.122450568085310384e-33 7.880462815669912743e+03 4.220031032682329339e+27
1.122450568085310384e-33 1.000000000000000000e+04 6.430858307332521798e+27
1.360752886424338743e-33 1.000000000000000000e+01 6.961539798354231214e+26
1.360752886424338743e-33 1.268961003167922108e+01 6.519198684998746901e+26
1.360752886424338743e-33 1.610262027560939302e+01 6.294362617249493621e+26
1.360752886424338743e-33 2.043359717856941771e+01 6.290081655677916940e+26
1.360752886424338743e-33 2.592943797404667094e+01 6.496128961838813658e+26
1.360752886424338743e-33 3.290344562312667875e+01 6.871368342583728946e+26
1.360752886424338743e-33 4.175318936560400118e+01 7.352784463283077183e+26
1.360752886424338743e-33 5.298316906283707084e+01 7.851767364590029960e+26
1.360752886424338743e-33 6.723357536499334230e+01 8.243896213305405862e+26
1.360752886424338743e-33 8.531678524172805567e+01 8.420268382267881456e+26
1.360752886424338743e-33 1.082636733874054045e+02 8.364973609256719230e+26
1.360752886424338743e-33 1.373823795883263870e+02 8.163055438900761054e+26
1.360752886424338743e-33 1.743328822199987371e+02 7.944789004325160421e+26
1.360752886424338743e-33 2.212216291070450325e+02 7.803454307393878167e+26
1.360752886424338743e-33 2.807216203941175650e+02 7.751884540449323125e+26
1.360752886424338743e-33 3.562247890262444230e+02 7.743987368891720721e+26
1.360752886424338743e-33 4.520353656360240393e+02 7.721843059125906827e+26
1.360752886424338743e-33 5.736152510448681596e+02 7.661564941748489758e+26
1.360752886424338743e-33 7.278953843983146044e+02 7.599766788418092331e+26
1.360752886424338743e-33 9.236708571873865594e+02 7.616059719900727746e+26
1.360752886424338743e-33 1.172102297533480623e+03 7.792050402016133311e+26
1.360752886424338743e-33 1.487352107293511835e+03 8.187949161767895646e+26
1.360752886424338743e-33 1.887391822135097755e+03 8.839866443650180053e+26
1.360752886424338743e-33 2.395026619987485901e+03 9.803136554345765987e+26
1.360752886424338743e-33 3.039195382313198024e+03 1.113172632053854527e+27
1.360752886424338743e-33 3.856620421163472201e+03 1.309867240860630503e+27
1.360752886424338743e-33 4.893900918477494088e+03 1.624630431580645090e+27
1.360752886424338743e-33 6.210169418915616006e+03 2.154583047410044692e+27
1.360752886424338743e-33 7.880462815669912743e+03 3.064635598275856922e+27
1.360752886424338743e-33 1.000000000000000000e+04 4.668324416861794046e+27
1.649648074098027260e-33 1.000000000000000000e+01 5.050412562842283830e+26
1.649648074098027260e-33 1.268961003167922108e+01 4.729122127298154778e+26
1.649648074098027260e-33 1.610262027560939302e+01 4.565876767885532370e+26
1.649648074098027260e-33 2.043359717856941771e+01 4.562768847183718627e+26
1.649648074098027260e-33 2.592943797404667094e+01 4.712370361300049928e+26
1.649648074098027260e-33 3.290344562312667875e+01 4.984901894245102301e+26
1.649648074098027260e-33 4.175318936560400118e+01 5.334769767323399918e+26
1.649648074098027260e-33 5.298316906283707084e+01 5.697763408748162562e+26
1.649648074098027260e-33 6.723357536499334230e+01 5.983357053049089179e+26
1.649648074098027260e-33 8.531678524172805567e+01 6.111925046442594577e+26
1.649648074098027260e-33 1.082636733874054045e+02 6.071609299091043273e+26
1.649648074098027260e-33 1.373823795883263870e+02 5.924451998934604025e+26
1.649648074098027260e-33 1.743328822199987371e+02 5.765483227436031354e+26
1.649648074098027260e-33 2.212216291070450325e+02 5.662598094818268938e+26
1.649648074098027260e-33 2.807216203941175650e+02 5.625067206431051918e+26
1.649648074098027260e-33 3.562247890262444230e+02 5.619320323461236438e+26
1.649648074098027260e-33 4.520353656360240393e+02 5.603206205106804082e+26
1.649648074098027260e-33 5.736152510448681596e+02 5.559347090143355491e+26
1.649648074098027260e-33 7.278953843983146044e+02 5.514388582754888255e+26
1.649648074098027260e-33 9.236708571873865594e+02 5.526241146212249530e+26
1.649648074098027260e-33 1.172102297533480623e+03 5.654298255449033218e+26
1.649648074098027260e-33 1.487352107293511835e+03 5.942589408232990315e+26
1.649648074098027260e-33 1.887391822135097755e+03 6.418119534123176742e+26
1.649648074098027260e-33 2.395026619987485901e+03 7.101759784916982791e+26
1.649648074098027260e-33 3.039195382313198024e+03 8.075311630149804041e+26
1.649648074098027260e-33 3.856620421163472201e+03 9.502409987303013151e+26
1.649648074098027260e-33 4.893900918477494088e+03 1.178567139401465356e+27
1.649648074098027260e-33 6.210169418915616006e+03 1.563087139840570452e+27
1.649648074098027260e-33 7.880462815669912743e+03 2.224338238125986525e+27
1.649648074098027260e-33 1.000000000000000000e+04 3.386929365212351197e+27
1.999877270535295182e-33 1.000000000000000000e+01 3.663477568175568033e+26
1.999877270535295182e-33 1.268961003167922108e+01 3.430275817901430199e+26
1.999877270535295182e-33 1.610262027560939302e+01 3.311806639293206014e+26
1.999877270535295182e-33 2.043359717856941771e+01 3.309551278867140411e+26
1.999877270535295182e-33 2.592943797404667094e+01 3.418118362227934984e+26
1.999877270535295182e-33 3.290344562312667875e+01 3.615923182405119633e+26
1.999877270535295182e-33 4.175318936560400118e+01 3.869930920937034670e+26
1.999877270535295182e-33 5.298316906283707084e+01 4.133594300308692910e+26
1.999877270535295182e-33 6.723357536499334230e+01 4.341163232219074224e+26
1.999877270535295182e-33 8.531678524172805567e+01 4.434651210398160257e+26
1.999877270535295182e-33 1.082636733874054045e+02 4.405332380220039986e+26
1.999877270535295182e-33 1.373823795883263870e+02 4.298340395237576357e+26
1.999877270535295182e-33 1.743328822199987371e+02 4.182801573883898637e+26
1.999877270535295182e-33 2.212216291070450325e+02 4.108044631238765515e+26
1.999877270535295182e-33 2.807216203941175650e+02 4.080778061202843835e+26
1.999877270535295182e-33 3.562247890262444230e+02 4.076603055239367067e+26
1.999877270535295182e-33 4.520353656360240393e+02 4.064896667429684350e+26
1.999877270535295182e-33 5.736152510448681596e+02 4.033036087205598407e+26
1.999877270535295182e-33 7.278953843983146044e+02 4.000379302761706112e+26
1.999877270535295182e-33 9.236708571873865594e+02 4.008988488659818994e+26
1.999877270535295182e-33 1.172102297533480623e+03 4.102014553599032178e+26
1.999877270535295182e-33 1.487352107293511835e+03 4.311525329717762505e+26
1.999877270535295182e-33 1.887391822135097755e+03 4.657434785949912464e+26
1.999877270535295182e-33 2.395026619987485901e+03 5.155715245757014834e+26
1.999877270535295182e-33 3.039195382313198024e+03 5.849550081591265025e+26
1.999877270535295182e-33 3.856620421163472201e+03 6.893397839853482999e+26
1.999877270535295182e-33 4.893900918477494088e+03 8.553229177537842954e+26
1.999877270535295182e-33 6.210169418915616006e+03 1.133943933006595757e+27
1.999877270535295182e-33 7.880462815669912743e+03 1.613989602278255452e+27
1.999877270535295182e-33 1.000000000000000000e+04 2.457235171029723569e+27
2.424462017082340732e-33 1.000000000000000000e+01 2.657241044874832150e+26
2.424462017082340732e-33 1.268961003167922108e+01 2.488024930849948225e+26
2.424462017082340732e-33 1.610262027560939302e+01 2.402066177741748021e+26
2.424462017082340732e-33 2.043359717856941771e+01 2.400429759893977373e+26
2.424462017082340732e-33 2.592943797404667094e+01 2.479203610317225707e+26
2.424462017082340732e-33 3.290344562312667875e+01 2.622733256152364013e+26
2.424462017082340732e-33 4.175318936560400118e+01 2.807064432515017627e+26
2.424462017082340732e-33 5.298316906283707084e+01 2.998440770231711495e+26
2.424462017082340732e-33 6.723357536499334230e+01 3.149142773044079699e+26
2.424462017082340732e-33 8.531678524172805567e+01 3.217033695341214736e+26
2.424462017082340732e-33 1.082636733874054045e+02 3.195741206142515371e+26
2.424462017082340732e-33 1.373823795883263870e+02 3.118048301652378781e+26
2.424462017082340732e-33 1.743328822199987371e+02 3.034163080396972458e+26
2.424462017082340732e-33 2.212216291070450325e+02 2.979893661502162829e+26
2.424462017082340732e-33 2.807216203941175650e+02 2.960100806888308013e+26
2.424462017082340732e-33 3.562247890262444230e+02 2.957070214639138870e+26
2.424462017082340732e-33 4.520353656360240393e+02 2.948572745317621071e+26
2.424462017082340732e-33 5.736152510448681596e+02 2.925446216104051769e+26
2.424462017082340732e-33 7.278953843983146044e+02 2.901742517948035459e+26
2.424462017082340732e-33 9.236708571873865594e+02 2.907991361922931971e+26
2.424462017082340732e-33 1.172102297533480623e+03 2.975516364905236544e+26
2.424462017082340732e-33 1.487352107293511835e+03 3.127621920468674974e+26
2.424462017082340732e-33 1.887391822135097755e+03 3.378867851341047973e+26
2.424462017082340732e-33 2.395026619987485901e+03 3.741167909442641222e+26
2.424462017082340732e-33 3.039195382313198024e+03 4.246849457186352406e+26
2.424462017082340732e-33 3.856620421163472201e+03 4.990871392524551052e+26
2.424462017082340732e-33 4.893900918477494088e+03 6.204909076188553089e+26
2.424462017082340732e-33 6.210169418915616006e+03 8.226087043918248498e+26
2.424462017082340732e-33 7.880462815669912743e+03 1.170966851765436404e+27
2.424462017082340732e-33 1.000000000000000000e+04 1.780641987787633384e+27
2.939188398646902427e-33 1.000000000000000000e+01 1.927295447556832633e+26
2.939188398646902427e-33 1.268961003167922108e+01 1.804521126190245503e+26
2.939188398646902427e-33 1.610262027560939302e+01 1.742155209217236323e+26
2.939188398646902427e-33 2.043359717856941771e+01 1.740967940281968551e+26
2.939188398646902427e-33 2.592943797404667094e+01 1.798120935025076280e+26
2.939188398646902427e-33 3.290344562312667875e+01 1.902258083156100089e+26
2.939188398646902427e-33 4.175318936560400118e+01 2.036003537526546634e+26
2.939188398646902427e-33 5.298316906283707084e+01 2.174870751622188445e+26
2.939188398646902427e-33 6.723357536499334230e+01 2.284235206249236074e+26
2.939188398646902427e-33 8.531678524172805567e+01 2.333508247711190782e+26
2.939188398646902427e-33 1.082636733874054045e+02 2.318054490565270871e+26
2.939188398646902427e-33 1.373823795883263870e+02 2.261668878182575521e+26
2.939188398646902427e-33 1.743328822199987371e+02 2.200793331845493554e+26
2.939188398646902427e-33 2.212216291070450325e+02 2.161411917099678636e+26
2.939188398646902427e-33 2.807216203941175650e+02 2.147049263758302530e+26
2.939188398646902427e-33 3.562247890262444230e+02 2.144850133847178693e+26
2.939188398646902427e-33 4.520353656360240393e+02 2.138684019500656337e+26
2.939188398646902427e-33 5.736152510448681596e+02 2.121902600519418460e+26
2.939188398646902427e-33 7.278953843983146044e+02 2.104702576818684588e+26
2.939188398646902427e-33 9.236708571873865594e+02 2.109236881702334614e+26
2.939188398646902427e-33 1.172102297533480623e+03 2.158235524425527007e+26
2.939188398646902427e-33 1.487352107293511835e+03 2.268616720918139742e+26
2.939188398646902427e-33 1.887391822135097755e+03 2.450977493285732909e+26
2.939188398646902427e-33 2.395026619987485901e+03 2.714072256121872502e+26
2.939188398646902427e-33 3.039195382313198024e+03 3.081743299020880738e+26
2.939188398646902427e-33 3.856620421163472201e+03 3.624449235650373062e+26
2.939188398646902427e-33 4.893900918477494088e+03 4.501255768640649766e+26
2.939188398646902427e-33 6.210169418915616006e+03 5.969867525075313290e+26
2.939188398646902427e-33 7.880462815669912743e+03 8.495013969279167985e+26
2.939188398646902427e-33 1.000000000000000000e+04 1.292728327395294546e+27
3.563193971228606100e-33 1.000000000000000000e+01 1.397808189400964021e+26
3.563193971228606100e-33 1.268961003167922108e+01 1.308732836961923373e+26
3.563193971228606100e-33 1.610262027560939302e+01 1.263823569401804863e+26
3.563193971228606100e-33 2.043359717856941771e+01 1.262962134009082035e+26
3.563193971228606100e-33 2.592943797404667094e+01 1.304089393841941638e+26
3.563193971228606100e-33 3.290344562312667875e+01 1.379642959244529382e+26
3.563193971228606100e-33 4.175318936560400118e+01 1.476679321628805019e+26
3.563193971228606100e-33 5.298316906283707084e+01 1.577434179111101706e+26
3.563193971228606100e-33 6.723357536499334230e+01 1.656786234083976480e+26
3.563193971228606100e-33 8.531678524172805567e+01 1.692538676143805195e+26
3.563193971228606100e-33 1.082636733874054045e+02 1.681325360877849786e+26
3.563193971228606100e-33 1.373823795883263870e+02 1.640412409892274473e+26
3.563193971228606100e-33 1.743328822199987371e+02 1.596242661150540582e+26
3.563193971228606100e-33 2.212216291070450325e+02 1.567668994773112473e+26
3.563193971228606100e-33 2.807216203941175650e+02 1.557248077106608934e+26
3.563193971228606100e-33 3.562247890262444230e+02 1.555652487517273082e+26
3.563193971228606100e-33 4.520353656360240393e+02 1.551178637683177295e+26
3.563193971228606100e-33 5.736152510448681596e+02 1.539002845303198431e+26
3.563193971228606100e-33 7.278953843983146044e+02 1.526523385024391487e+26
3.563193971228606100e-33 9.236708571873865594e+02 1.529813240579486198e+26
3.563193971228606100e-33 1.172102297533480623e+03 1.565364338597218240e+26
3.563193971228606100e-33 1.487352107293511835e+03 1.645453656038136134e+26
3.563193971228606100e-33 1.887391822135097755e+03 1.777778269127790979e+26
3.563193971228606100e-33 2.395026619987485901e+03 1.968722021990287516e+26
3.563193971228606100e-33 3.039195382313198024e+03 2.235713987618004579e+26
3.563193971228606100e-33 3.856620421163472201e+03 2.630491426756434405e+26
3.563193971228606100e-33 4.893900918477494088e+03 3.259777087276286247e+26
3.563193971228606100e-33 6.210169418915616006e+03 4.330843503114327807e+26
3.563193971228606100e-33 7.880462815669912743e+03 6.162717419866452233e+26
3.563193971228606100e-33 1.000000000000000000e+04 9.381247485859590689e+26
4.319679297334129168e-33 1.000000000000000000e+01 1.014018566026021139e+26
4.319679297334129168e-33 1.268961003167922108e+01 9.493878537519175102e+25
4.319679297334129168e-33 1.610262027560939302e+01 9.165568277871890220e+25
4.319679297334129168e-33 2.043359717856941771e+01 9.159318151385645743e+25
4.319679297334129168e-33 2.592943797404667094e+01 9.460186449829381765e+25
4.319679297334129168e-33 3.290344562312667875e+01 1.000838491474362621e+26
4.319679297334129168e-33 4.175318936560400118e+01 1.070965942251071723e+26
4.319679297334129168e-33 5.298316906283707084e+01 1.144065726250028043e+26
4.319679297334129168e-33 6.723357536499334230e+01 1.201638109417811191e+26
4.319679297334129168e-33 8.531678524172805567e+01 1.227577915931899237e+26
4.319679297334129168e-33 1.082636733874054045e+02 1.219442190443199985e+26
4.319679297334129168e-33 1.373823795883263870e+02 1.189758320148514853e+26
4.319679297334129168e-33 1.743328822199987371e+02 1.157711790953893216e+26
4.319679297334129168e-33 2.212216291070450325e+02 1.136980834443088849e+26
4.319679297334129168e-33 2.807216203941175650e+02 1.129420202530645038e+26
4.319679297334129168e-33 3.562247890262444230e+02 1.128262564063945895e+26
4.319679297334129168e-33 4.520353656360240393e+02 1.125016680235859679e+26
4.319679297334129168e-33 5.736152510448681596e+02 1.116182865171354632e+26
4.319679297334129168e-33 7.278953843983146044e+02 1.107128747113448366e+26
4.319679297334129168e-33 9.236708571873865594e+02 1.109515606948742232e+26
4.319679297334129168e-33 1.172102297533480623e+03 1.135308748752909855e+26
4.319679297334129168e-33 1.487352107293511835e+03 1.193415919643638383e+26
4.319679297334129168e-33 1.887391822135097755e+03 1.289423613653487270e+26
4.319679297334129168e-33 2.395026619987485901e+03 1.427971636759495767e+26
4.319679297334129168e-33 3.039195382313198024e+03 1.621743036831276038e+26
4.319679297334129168e-33 3.856620421163472201e+03 1.908487077726043228e+26
4.319679297334129168e-33 4.893900918477494088e+03 2.366971731615168336e+26
4.319679297334129168e-33 6.210169418915616006e+03 3.141763849518097829e+26
4.319679297334129168e-33 7.880462815669912743e+03 4.470682391873843871e+26
4.319679297334129168e-33 1.000000000000000000e+04 6.806571351593786030e+26
5.236770544204687295e-33 1.000000000000000000e+01 7.353863428767630250e+25
5.236770544204687295e-33 1.268961003167922108e+01 6.884936028305386049e+25
5.236770544204687295e-33 1.610262027560939302e+01 6.646730405739186384e+25
5.236770544204687295e-33 2.043359717856941771e+01 6.642195621300961721e+25
5.236770544204687295e-33 2.592943797404667094e+01 6.860490740034210470e+25
5.236770544204687295e-33 3.290344562312667875e+01 7.258235640998484701e+25
5.236770544204687295e-33 4.175318936560400118e+01 7.769062111269830751e+25
5.236770544204687295e-33 5.298316906283707084e+01 8.299454048436524144e+25
5.236770544204687295e-33 6.723357536499334230e+01 8.714905727328313164e+25
5.236770544204687295e-33 8.531678524172805567e+01 8.903103521926921810e+25
5.236770544204687295e-33 1.082636733874054045e+02 8.844077346548723947e+25
5.236770544204687295e-33 1.373823795883263870e+02 8.630980734982918162e+25
5.236770544204687295e-33 1.743328822199987371e+02 8.398464711434890448e+25
5.236770544204687295e-33 2.212216291070450325e+02 8.248048602451351393e+25
5.236770544204687295e-33 2.807216203941175650e+02 8.193191230812010816e+25
5.236770544204687295e-33 3.562247890262444230e+02 8.184791788426024450e+25
5.236770544204687295e-33 4.520353656360240393e+02 8.161240710466801250e+25
5.236770544204687295e-33 5.736152510448681596e+02 8.097145290978042840e+25
5.236770544204687295e-33 7.278953843983146044e+02 8.031451219339031640e+25
5.236770544204687295e-33 9.236708571873865594e+02 8.048769606809864817e+25
5.236770544204687295e-33 1.172102297533480623e+03 8.235916529132677417e+25
5.236770544204687295e-33 1.487352107293511835e+03 8.657518613857922115e+25
5.236770544204687295e-33 1.887391822135097755e+03 9.351807873960317396e+25
5.236770544204687295e-33 2.395026619987485901e+03 1.035702695887617604e+26
5.236770544204687295e-33 3.039195382313198024e+03 1.176302251814919925e+26
5.236770544204687295e-33 3.856620421163472201e+03 1.384430364896942328e+26
5.236770544204687295e-33 4.893900918477494088e+03 1.717730809047460619e+26
5.236770544204687295e-33 6.210169418915616006e+03 2.273900704214385176e+26
5.236770544204687295e-33 7.880462815669912743e+03 3.244483329900638247e+26
5.236770544204687295e-33 1.000000000000000000e+04 4.938081952697965903e+26
6.348565216305157819e-33 1.000000000000000000e+01 5.332863752115593124e+25
6.348565216305157819e-33 1.268961003167922108e+01 4.992632526818266883e+25
6.348565216305157819e-33 1.610262027560939302e+01 4.809417052155576690e+25
6.348565216305157819e-33 2.043359717856941771e+01 4.806180688127567543e+25
6.348565216305157819e-33 2.592943797404667094e+01 4.974896171065734190e+25
6.348565216305157819e-33 3.290344562312667875e+01 5.263480898145822233e+25
6.348565216305157819e-33 4.175318936560400118e+01 5.634111218716631677e+25
6.348565216305157819e-33 5.298316906283707084e+01 6.018936272407210477e+25
6.348565216305157819e-33 6.723357536499334230e+01 6.322012475309951572e+25
6.348565216305157819e-33 8.531678524172805567e+01 6.458565012741204738e+25
6.348565216305157819e-33 1.082636733874054045e+02 6.415736941820696113e+25
6.348565216305157819e-33 1.373823795883263870e+02 6.259474509992282781e+25
6.348565216305157819e-33 1.743328822199987371e+02 6.090773195984533662e+25
6.348565216305157819e-33 2.212216291070450325e+02 5.981639170377216265e+25
6.348565216305157819e-33 2.807216203941175650e+02 5.941837522978198810e+25
6.348565216305157819e-33 3.562247890262444230e+02 5.935743324902721309e+25
6.348565216305157819e-33 4.520353656360240393e+02 5.918655887765568173e+25
6.348565216305157819e-33 5.736152510448681596e+02 5.872151576534367204e+25
6.348565216305157819e-33 7.278953843983146044e+02 5.824487352596259489e+25
6.348565216305157819e-33 9.236708571873865594e+02 5.837052681008789421e+25
6.348565216305157819e-33 1.172102297533480623e+03 5.972836771592746220e+25
6.348565216305157819e-33 1.487352107293511835e+03 6.278728991165942039e+25
6.348565216305157819e-33 1.887391822135097755e+03 6.784131220701969355e+25
6.348565216305157819e-33 2.395026619987485901e+03 7.511602322140647858e+25
6.348565216305157819e-33 3.039195382313198024e+03 8.531705299177949795e+25
6.348565216305157819e-33 3.856620421163472201e+03 1.004193075225908329e+26
6.348565216305157819e-33 4.893900918477494088e+03 1.246209278669718579e+26
6.348565216305157819e-33 6.210169418915616006e+03 1.651635190515180044e+26
6.348565216305157819e-33 7.880462815669912743e+03 2.353711132677546121e+26
6.348565216305157819e-33 1.000000000000000000e+04 3.582378822011605788e+26
7.696399902471213457e-33 1.000000000000000000e+01 3.859585634786233757e+25
7.696399902471213457e-33 1.268961003167922108e+01 3.615764994442346598e+25
7.696399902471213457e-33 1.610262027560939302e+01 3.491482771485281497e+25
7.696399902471213457e-33 2.043359717856941771e+01 3.489114364659128589e+25
7.696399902471213457e-33 2.592943797404667094e+01 3.603022788800133263e+25
7.696399902471213457e-33 3.290344562312667875e+01 3.809964659042770510e+25
7.696399902471213457e-33 4.175318936560400118e+01 4.085599312065797516e+25
7.696399902471213457e-33 5.298316906283707084e+01 4.364809730540492822e+25
7.696399902471213457e-33 6.723357536499334230e+01 4.584706610580555713e+25
7.696399902471213457e-33 8.531678524172805567e+01 4.683782139785407501e+25
7.696399902471213457e-33 1.082636733874054045e+02 4.652708293124737687e+25
7.696399902471213457e-33 1.373823795883263870e+02 4.539332229069291880e+25
7.696399902471213457e-33 1.743328822199987371e+02 4.416931025714764484e+25
7.696399902471213457e-33 2.212216291070450325e+02 4.337748795014169184e+25
7.696399902471213457e-33 2.807216203941175650e+02 4.308870677192292637e+25
7.696399902471213457e-33 3.562247890262444230e+02 4.304449026071797228e+25
7.696399902471213457e-33 4.520353656360240393e+02 4.292051219023911995e+25
7.696399902471213457e-33 5.736152510448681596e+02 4.258309961886330595e+25
7.696399902471213457e-33 7.278953843983146044e+02 4.223727116848544362e+25
7.696399902471213457e-33 9.236708571873865594e+02 4.232843909773858776e+25
7.696399902471213457e-33 1.172102297533480623e+03 4.331362208079039666e+25
7.696399902471213457e-33 1.487352107293511835e+03 4.553302313599951300e+25
7.696399902471213457e-33 1.887391822135097755e+03 4.919996014688311588e+25
7.696399902471213457e-33 2.395026619987485901e+03 5.449165368867538035e+25
7.696399902471213457e-33 3.039195382313198024e+03 6.187777796925771614e+25
7.696399902471213457e-33 3.856620421163472201e+03 7.283517875730252008e+25
7.696399902471213457e-33 4.893900918477494088e+03 9.039923949135357935e+25
7.696399902471213457e-33 6.210169418915616006e+03 1.198813274143165122e+26
7.696399902471213457e-33 7.880462815669912743e+03 1.707473630925630913e+26
7.696399902471213457e-33 1.000000000000000000e+04 2.598820148410390268e+26
9.330387172620284692e-33 1.000000000000000000e+01 2.801572172716370684e+25
9.330387172620284692e-33 1.268961003167922108e+01 2.623480545115238760e+25
9.330387172620284692e-33 1.610262027560939302e+01 2.532851869481024403e+25
9.330387172620284692e-33 2.043359717856941771e+01 2.531125664148663204e+25
9.330387172620284692e-33 2.592943797404667094e+01 2.614184421963293732e+25
9.330387172620284692e-33 3.290344562312667875e+01 2.765293551551033734e+25
9.330387172620284692e-33 4.175318936560400118e+01 2.958806003891519194e+25
9.330387172620284692e-33 5.298316906283707084e+01 3.158855921426556172e+25
9.330387172620284692e-33 6.723357536499334230e+01 3.324613765907431826e+25
9.330387172620284692e-33 8.531678524172805567e+01 3.396498211605256250e+25
9.330387172620284692e-33 1.082636733874054045e+02 3.373952528114143947e+25
9.330387172620284692e-33 1.373823795883263870e+02 3.283335940540713737e+25
9.330387172620284692e-33 1.743328822199987371e+02 3.196081697949682019e+25
9.330387172620284692e-33 2.212216291070450325e+02 3.139512933568221272e+25
9.330387172620284692e-33 2.807216203941175650e+02 3.118859490220454799e+25
9.330387172620284692e-33 3.562247890262444230e+02 3.115696119314535994e+25
9.330387172620284692e-33 4.520353656360240393e+02 3.106824940665520685e+25
9.330387172620284692e-33 5.736152510448681596e+02 3.082670938969014045e+25
9.330387172620284692e-33 7.278953843983146044e+02 3.057898702538902537e+25
9.330387172620284692e-33 9.236708571873865594e+02 3.064430728521848461e+25
9.330387172620284692e-33 1.172102297533480623e+03 3.134946304849349332e+25
9.330387172620284692e-33 1.487352107293511835e+03 3.293278855673245625e+25
9.330387172620284692e-33 1.887391822135097755e+03 3.567883400960238316e+25
9.330387172620284692e-33 2.395026619987485901e+03 3.951821530627511613e+25
9.330387172620284692e-33 3.039195382313198024e+03 4.488826530128414680e+25
9.330387172620284692e-33 3.856620421163472201e+03 5.282589242945020480e+25
9.330387172620284692e-33 4.893900918477494088e+03 6.557017602589834936e+25
9.330387172620284692e-33 6.210169418915616006e+03 8.698121558372971055e+25
9.330387172620284692e-33 7.880462815669912743e+03 1.235872022644605329e+26
9.330387172620284692e-33 1.000000000000000000e+04 1.885277994878856118e+26
1.131127876593921383e-32 1.000000000000000000e+01 2.032210267488815579e+25
1.131127876593921383e-32 1.268961003167922108e+01 1.902558650715040464e+25
1.131127876593921383e-32 1.610262027560939302e+01 1.836643744709216760e+25
1.131127876593921383e-32 2.043359717856941771e+01 1.835388619234000374e+25
1.131127876593921383e-32 2.592943797404667094e+01 1.895795744212023416e+25
1.131127876593921383e-32 3.290344562312667875e+01 2.005784235739912491e+25
1.131127876593921383e-32 4.175318936560400118e+01 2.146845640146639710e+25
1.131127876593921383e-32 5.298316906283707084e+01 2.292980112797185569e+25
1.131127876593921383e-32 6.723357536499334230e+01 2.407755711173063103e+25
1.131127876593921383e-32 8.531678524172805567e+01 2.459358238732018797e+25
1.131127876593921383e-32 1.082636733874054045e+02 2.443181744990448096e+25
1.131127876593921383e-32 1.373823795883263870e+02 2.384098907474722011e+25
1.131127876593921383e-32 1.743328822199987371e+02 2.320212997461659668e+25
1.131127876593921383e-32 2.212216291070450325e+02 2.278834739364909432e+25
1.131127876593921383e-32 2.807216203941175650e+02 2.263734893706046696e+25
1.131127876593921383e-32 3.562247890262444230e+02 2.261422482801668079e+25
1.131127876593921383e-32 4.520353656360240393e+02 2.254938174984278647e+25
1.131127876593921383e-32 5.736152510448681596e+02 2.237286621582788512e+25
1.131127876593921383e-32 7.278953843983146044e+02 2.219188632033282031e+25
1.131127876593921383e-32 9.236708571873865594e+02 2.223960249809490655e+25
1.131127876593921383e-32 1.172102297533480623e+03 2.275495711836015345e+25
1.131127876593921383e-32 1.487352107293511835e+03 2.391383983366157015e+25
1.131127876593921383e-32 1.887391822135097755e+03 2.582063823936503863e+25
1.131127876593921383e-32 2.395026619987485901e+03 2.865758693783373808e+25
1.131127876593921383e-32 3.039195382313198024e+03 3.255381842905327038e+25
1.131127876593921383e-32 3.856620421163472201e+03 3.832200433872642891e+25
1.131127876593921383e-32 4.893900918477494088e+03 4.755836856630491371e+25
1.131127876593921383e-32 6.210169418915616006e+03 6.309834045477379686e+25
1.131127876593921383e-32 7.880462815669912743e+03 8.976454352705565150e+25
1.131127876593921383e-32 1.000000000000000000e+04 1.368209141342836718e+26
1.371272434398400848e-32 1.000000000000000000e+01 1.473548737283299235e+25
1.371272434398400848e-32 1.268961003167922108e+01 1.379337207167430673e+25
1.371272434398400848e-32 1.610262027560939302e+01 1.331463389844136312e+25
1.371272434398400848e-32 2.043359717856941771e+01 1.330551921464060076e+25
1.371272434398400848e-32 2.592943797404667094e+01 1.374424694394893223e+25
1.371272434398400848e-32 3.290344562312667875e+01 1.454340489141411571e+25
1.371272434398400848e-32 4.175318936560400118e+01 1.556914950716915938e+25
1.371272434398400848e-32 5.298316906283707084e+01 1.663307633965790339e+25
1.371272434398400848e-32 6.723357536499334230e+01 1.746986895282104586e+25
1.371272434398400848e-32 8.531678524172805567e+01 1.784648030320521233e+25
1.371272434398400848e-32 1.082636733874054045e+02 1.772839108002683523e+25
1.371272434398400848e-32 1.373823795883263870e+02 1.729729898190458132e+25
1.371272434398400848e-32 1.743328822199987371e+02 1.683152013333349415e+25
1.371272434398400848e-32 2.212216291070450325e+02 1.653002345916059122e+25
1.371272434398400848e-32 2.807216203941175650e+02 1.642003416472182897e+25
1.371272434398400848e-32 3.562247890262444230e+02 1.640319179351880486e+25
1.371272434398400848e-32 4.520353656360240393e+02 1.635596569521576797e+25
1.371272434398400848e-32 5.736152510448681596e+02 1.622742285311555207e+25
1.371272434398400848e-32 7.278953843983146044e+02 1.609565241939766591e+25
1.371272434398400848e-32 9.236708571873865594e+02 1.613039203165544687e+25
1.371272434398400848e-32 1.172102297533480623e+03 1.650570002355967187e+25
1.371272434398400848e-32 1.487352107293511835e+03 1.735043635049393658e+25
1.371272434398400848e-32 1.887391822135097755e+03 1.874313757059998366e+25
1.371272434398400848e-32 2.395026619987485901e+03 2.074343712523648988e+25
1.371272434398400848e-32 3.039195382313198024e+03 2.360729639336535212e+25
1.371272434398400848e-32 3.856620421163472201e+03 2.779238896307970056e+25
1.371272434398400848e-32 4.893900918477494088e+03 3.449287586435373998e+25
1.371272434398400848e-32 6.210169418915616006e+03 4.576882191393590490e+25
1.371272434398400848e-32 7.880462815669912743e+03 6.515322903683308690e+25
1.371272434398400848e-32 1.000000000000000000e+04 9.925605439569254871e+25
1.662400978926613590e-32 1.000000000000000000e+01 1.068209389559608667e+25
1.662400978926613590e-32 1.268961003167922108e+01 9.998128344684578436e+24
1.662400978926613590e-32 1.610262027560939302e+01 9.650643329135361825e+24
1.662400978926613590e-32 2.043359717856941771e+01 9.644027948547048741e+24
1.662400978926613590e-32 2.592943797404667094e+01 9.962469677080772608e+24
1.662400978926613590e-32 3.290344562312667875e+01 1.054262524637475894e+25
1.662400978926613590e-32 4.175318936560400118e+01 1.128754893555514326e+25
1.662400978926613590e-32 5.298316906283707084e+01 1.206067564178023807e+25
1.662400978926613590e-32 6.723357536499334230e+01 1.266921207850386772e+25
1.662400978926613590e-32 8.531678524172805567e+01 1.294325608359622770e+25
1.662400978926613590e-32 1.082636733874054045e+02 1.285731570562158457e+25
1.662400978926613590e-32 1.373823795883263870e+02 1.254367579344764282e+25
1.662400978926613590e-32 1.743328822199987371e+02 1.220494743660279952e+25
1.662400978926613590e-32 2.212216291070450325e+02 1.198576377216804358e+25
1.662400978926613590e-32 2.807216203941175650e+02 1.190581637143110397e+25
1.662400978926613590e-32 3.562247890262444230e+02 1.189357483632763766e+25
1.662400978926613590e-32 4.520353656360240393e+02 1.185925034209957011e+25
1.662400978926613590e-32 5.736152510448681596e+02 1.176582998105949532e+25
1.662400978926613590e-32 7.278953843983146044e+02 1.167007292159473721e+25
1.662400978926613590e-32 9.236708571873865594e+02 1.169531719773689662e+25
1.662400978926613590e-32 1.172102297533480623e+03 1.196808331982880278e+25
1.662400978926613590e-32 1.487352107293511835e+03 1.258232846095437729e+25
1.662400978926613590e-32 1.887391822135097755e+03 1.359619631975740048e+25
1.662400978926613590e-32 2.395026619987485901e+03 1.505584570325776774e+25
1.662400978926613590e-32 3.039195382313198024e+03 1.708602631377757186e+25
1.662400978926613590e-32 3.856620421163472201e+03 2.015486531447738473e+25
1.662400978926613590e-32 4.893900918477494088e+03 2.502241897424416850e+25
1.662400978926613590e-32 6.210169418915616006e+03 3.319691244782486890e+25
1.662400978926613590e-32 7.880462815669912743e+03 4.727229179632295267e+25
1.662400978926613590e-32 1.000000000000000000e+04 7.200362927534936905e+25
2.015337685941735061e-32 1.000000000000000000e+01 7.742363420302433961e+24
2.015337685941735061e-32 1.268961003167922108e+01 7.246001090558505033e+24
2.015337685941735061e-32 1.610262027560939302e+01 6.993846245537817163e+24
2.015337685941735061e-32 2.043359717856941771e+01 6.989045843544650769e+24
2.015337685941735061e-32 2.592943797404667094e+01 7.220124659433422465e+24
2.015337685941735061e-32 3.290344562312667875e+01 7.641144098520164263e+24
2.015337685941735061e-32 4.175318936560400118e+01 8.181814360356113351e+24
2.015337685941735061e-32 5.298316906283707084e+01 8.743103175086552595e+24
2.015337685941735061e-32 6.723357536499334230e+01 9.185056935834510107e+24
2.015337685941735061e-32 8.531678524172805567e+01 9.384141887634512852e+24
2.015337685941735061e-32 1.082636733874054045e+02 9.321704329913239337e+24
2.015337685941735061e-32 1.373823795883263870e+02 9.093871458864188868e+24
2.015337685941735061e-32 1.743328822199987371e+02 8.847866993199720247e+24
2.015337685941735061e-32 2.212216291070450325e+02 8.688708620262179445e+24
2.015337685941735061e-32 2.807216203941175650e+02 8.630659973470215928e+24
2.015337685941735061e-32 3.562247890262444230e+02 8.621771774304615649e+24
2.015337685941735061e-32 4.520353656360240393e+02 8.596850102536731231e+24
2.015337685941735061e-32 5.736152510448681596e+02 8.529023270951230500e+24
2.015337685941735061e-32 7.278953843983146044e+02 8.459502875244763183e+24
2.015337685941735061e-32 9.236708571873865594e+02 8.477830139332677327e+24
2.015337685941735061e-32 1.172102297533480623e+03 8.675870901224820796e+24
2.015337685941735061e-32 1.487352107293511835e+03 9.121946717950689096e+24
2.015337685941735061e-32 1.887391822135097755e+03 9.858665750507938443e+24
2.015337685941735061e-32 2.395026619987485901e+03 1.092070167366442547e+25
2.015337685941735061e-32 3.039195382313198024e+03 1.240204951086832238e+25
2.015337685941735061e-32 3.856620421163472201e+03 1.457825732053053384e+25
2.015337685941735061e-32 4.893900918477494088e+03 1.814692194982778052e+25
2.015337685941735061e-32 6.210169418915616006e+03 2.407725648003071589e+25
2.015337685941735061e-32 7.880462815669912743e+03 3.429237378663077986e+25
2.015337685941735061e-32 1.000000000000000000e+04 5.215253315804166936e+25
2.443204762186491629e-32 1.000000000000000000e+01 5.610786836571530635e+24
2.443204762186491629e-32 1.268961003167922108e+01 5.250618153520961828e+24
2.443204762186491629e-32 1.610262027560939302e+01 5.067654424906548627e+24
2.443204762186491629e-32 2.043359717856941771e+01 5.064171267958083861e+24
2.443204762186491629e-32 2.592943797404667094e+01 5.231842108445231979e+24
2.443204762186491629e-32 3.290344562312667875e+01 5.537339290369819419e+24
2.443204762186491629e-32 4.175318936560400118e+01 5.929674744054687319e+24
2.443204762186491629e-32 5.298316906283707084e+01 6.337010710834420356e+24
2.443204762186491629e-32 6.723357536499334230e+01 6.657788559265390662e+24
2.443204762186491629e-32 8.531678524172805567e+01 6.802305906243800398e+24
2.443204762186491629e-32 1.082636733874054045e+02 6.756980602946495967e+24
2.443204762186491629e-32 1.373823795883263870e+02 6.591600325326600122e+24
2.443204762186491629e-32 1.743328822199987371e+02 6.413045789746121945e+24
2.443204762186491629e-32 2.212216291070450325e+02 6.297533339374001395e+24
2.443204762186491629e-32 2.807216203941175650e+02 6.255404624819586781e+24
2.443204762186491629e-32 3.562247890262444230e+02 6.248954085271095357e+24
2.443204762186491629e-32 4.520353656360240393e+02 6.230867459692988119e+24
2.443204762186491629e-32 5.736152510448681596e+02 6.181643461805487449e+24
2.443204762186491629e-32 7.278953843983146044e+02 6.131191215120721998e+24
2.443204762186491629e-32 9.236708571873865594e+02 6.144491574225930281e+24
2.443204762186491629e-32 1.172102297533480623e+03 6.288216328281680788e+24
2.443204762186491629e-32 1.487352107293511835e+03 6.611978908578140012e+24
2.443204762186491629e-32 1.887391822135097755e+03 7.146825602392436358e+24
2.443204762186491629e-32 2.395026619987485901e+03 7.918334508298005918e+24
2.443204762186491629e-32 3.039195382313198024e+03 8.996118597994781644e+24
2.443204762186491629e-32 3.856620421163472201e+03 1.058554551524492969e+25
2.443204762186491629e-32 4.893900918477494088e+03 1.315989640576969897e+25
2.443204762186491629e-32 6.210169418915616006e+03 1.746216803420600298e+25
2.443204762186491629e-32 7.880462815669912743e+03 2.487416507183498572e+25
2.443204762186491629e-32 1.000000000000000000e+04 3.786548402245858168e+25
2.961910329772559556e-32 1.000000000000000000e+01 4.065409656954144869e+24
2.961910329772559556e-32 1.268961003167922108e+01 3.804074745283638666e+24
2.961910329772559556e-32 1.610262027560939302e+01 3.671318529439327561e+24
2.961910329772559556e-32 2.043359717856941771e+01 3.668791196068050360e+24
2.961910329772559556e-32 2.592943797404667094e+01 3.790451073350748395e+24
2.961910329772559556e-32 3.290344562312667875e+01 4.012116658442914425e+24
2.961910329772559556e-32 4.175318936560400118e+01 4.296794192070306769e+24
2.961910329772559556e-32 5.298316906283707084e+01 4.592363980466751936e+24
2.961910329772559556e-32 6.723357536499334230e+01 4.825136298631032939e+24
2.961910329772559556e-32 8.531678524172805567e+01 4.930009806261868707e+24
2.961910329772559556e-32 1.082636733874054045e+02 4.897117727004032923e+24
2.961910329772559556e-32 1.373823795883263870e+02 4.777105775412635417e+24
2.961910329772559556e-32 1.743328822199987371e+02 4.647537725094031576e+24
2.961910329772559556e-32 2.212216291070450325e+02 4.563718004419154256e+24
2.961910329772559556e-32 2.807216203941175650e+02 4.533148283497048707e+24
2.961910329772559556e-32 3.562247890262444230e+02 4.528467612703713950e+24
2.961910329772559556e-32 4.520353656360240393e+02 4.515343528384033423e+24
2.961910329772559556e-32 5.736152510448681596e+02 4.479625556671492440e+24
2.961910329772559556e-32 7.278953843983146044e+02 4.443016524427825997e+24
2.961910329772559556e-32 9.236708571873865594e+02 4.452667480299331635e+24
2.961910329772559556e-32 1.172102297533480623e+03 4.556957319228789222e+24
2.961910329772559556e-32 1.487352107293511835e+03 4.791893763502598015e+24
2.961910329772559556e-32 1.887391822135097755e+03 5.180037291200769646e+24
2.961910329772559556e-32 2.395026619987485901e+03 5.740073618880134660e+24
2.961910329772559556e-32 3.039195382313198024e+03 6.523009997206587080e+24
2.961910329772559556e-32 3.856620421163472201e+03 7.680093098055217655e+24
2.961910329772559556e-32 4.893900918477494088e+03 9.521687380149524847e+24
2.961910329772559556e-32 6.210169418915616006e+03 1.266753439426569589e+25
2.961910329772559556e-32 7.880462815669912743e+03 1.804163539721807176e+25
2.961910329772559556e-32 1.000000000000000000e+04 2.747803622869516212e+25
3.590739891061062213e-32 1.000000000000000000e+01 2.945618240272023362e+24
3.590739891061062213e-32 1.268961003167922108e+01 2.755988723363647525e+24
3.590739891061062213e-32 1.610262027560939302e+01 2.659656862702191241e+24
3.590739891061062213e-32 2.043359717856941771e+01 2.657822943959802031e+24
3.590739891061062213e-32 2.592943797404667094e+01 2.746103033869018063e+24
3.590739891061062213e-32 3.290344562312667875e+01 2.906948106626171926e+24
3.590739891061062213e-32 4.175318936560400118e+01 3.113041978217554237e+24
3.590739891061062213e-32 5.298316906283707084e+01 3.327504328361224255e+24
3.590739891061062213e-32 6.723357536499334230e+01 3.496403294296800638e+24
3.590739891061062213e-32 8.531678524172805567e+01 3.572500119865208947e+24
3.590739891061062213e-32 1.082636733874054045e+02 3.548633361381530205e+24
3.590739891061062213e-32 1.373823795883263870e+02 3.461552262371779417e+24
3.590739891061062213e-32 1.743328822199987371e+02 3.367538032105128798e+24
3.590739891061062213e-32 2.212216291070450325e+02 3.306719024595654205e+24
3.590739891061062213e-32 2.807216203941175650e+02 3.284537891223502110e+24
3.590739891061062213e-32 3.562247890262444230e+02 3.281141637861337628e+24
3.590739891061062213e-32 4.520353656360240393e+02 3.271618921158162910e+24
3.590739891061062213e-32 5.736152510448681596e+02 3.245702304861096348e+24
3.590739891061062213e-32 7.278953843983146044e+02 3.219139172064135429e+24
3.590739891061062213e-32 9.236708571873865594e+02 3.226141802512777417e+24
3.590739891061062213e-32 1.172102297533480623e+03 3.301813525909013575e+24
3.590739891061062213e-32 1.487352107293511835e+03 3.472282452243343508e+24
3.590739891061062213e-32 1.887391822135097755e+03 3.753925006418073583e+24
3.590739891061062213e-32 2.395026619987485901e+03 4.160330805591920798e+24
3.590739891061062213e-32 3.039195382313198024e+03 4.728658763433367206e+24
3.590739891061062213e-32 3.856620421163472201e+03 5.569453210511988734e+24
3.590739891061062213e-32 4.893900918477494088e+03 6.912651070970949943e+24
3.590739891061062213e-32 6.210169418915616006e+03 9.186523025673318904e+24
3.590739891061062213e-32 7.880462815669912743e+03 1.308533048735686312e+25
3.590739891061062213e-32 1.000000000000000000e+04 1.993479159120587585e+25
4.353073364731900961e-32 1.000000000000000000e+01 2.133531299850808537e+24
4.353073364731900961e-32 1.268961003167922108e+01 1.995933679075944907e+24
4.353073364731900961e-32 1.610262027560939302e+01 1.926033574988694212e+24
4.353073364731900961e-32 2.043359717856941771e+01 1.924702848363750977e+24
4.353073364731900961e-32 2.592943797404667094e+01 1.988760464623280367e+24
4.353073364731900961e-32 3.290344562312667875e+01 2.105471844491178214e+24
4.353073364731900961e-32 4.175318936560400118e+01 2.255356936527339571e+24
4.353073364731900961e-32 5.298316906283707084e+01 2.410974499242168314e+24
4.353073364731900961e-32 6.723357536499334230e+01 2.533144763952768014e+24
4.353073364731900961e-32 8.531678524172805567e+01 2.588359591116845710e+24
4.353073364731900961e-32 1.082636733874054045e+02 2.571042184204459402e+24
4.353073364731900961e-32 1.373823795883263870e+02 2.507857338419522394e+24
4.353073364731900961e-32 1.743328822199987371e+02 2.439642005777952140e+24
4.353073364731900961e-32 2.212216291070450325e+02 2.395892439937789135e+24
4.353073364731900961e-32 2.807216203941175650e+02 2.379797526395034263e+24
4.353073364731900961e-32 3.562247890262444230e+02 2.377333159344962647e+24
4.353073364731900961e-32 4.520353656360240393e+02 2.370423344953299294e+24
4.353073364731900961e-32 5.736152510448681596e+02 2.351617866251378952e+24
4.353073364731900961e-32 7.278953843983146044e+02 2.332343226381980572e+24
4.353073364731900961e-32 9.236708571873865594e+02 2.337424452478585543e+24
4.353073364731900961e-32 1.172102297533480623e+03 2.392332949634773609e+24
4.353073364731900961e-32 1.487352107293511835e+03 2.515643024018937574e+24
4.353073364731900961e-32 1.887391822135097755e+03 2.719999564812553556e+24
4.353073364731900961e-32 2.395026619987485901e+03 3.014889431824533792e+24
4.353073364731900961e-32 3.039195382313198024e+03 3.427311290815895153e+24
4.353073364731900961e-32 3.856620421163472201e+03 4.037720661461824698e+24
4.353073364731900961e-32 4.893900918477494088e+03 5.014785148723639207e+24
4.353073364731900961e-32 6.210169418915616006e+03 6.661684850162603378e+24
4.353073364731900961e-32 7.880462815669912743e+03 9.490199261451540039e+24
4.353073364731900961e-32 1.000000000000000000e+04 1.446040994043912690e+25
5.277254352483553417e-32 1.000000000000000000e+01 1.544977766520723385e+24
5.277254352483553417e-32 1.268961003167922108e+01 1.445133819228248066e+24
5.277254352483553417e-32 1.610262027560939302e+01 1.394412354530697120e+24
5.277254352483553417e-32 2.043359717856941771e+01 1.393446740099524012e+24
5.277254352483553417e-32 2.592943797404667094e+01 1.439928748087181329e+24
5.277254352483553417e-32 3.290344562312667875e+01 1.524617264663154540e+24
5.277254352483553417e-32 4.175318936560400118e+01 1.633376492693495166e+24
5.277254352483553417e-32 5.298316906283707084e+01 1.746294360439361141e+24
5.277254352483553417e-32 6.723357536499334230e+01 1.835220622815277787e+24
5.277254352483553417e-32 8.531678524172805567e+01 1.875285665191440654e+24
5.277254352483553417e-32 1.082636733874054045e+02 1.862719816410368919e+24
5.277254352483553417e-32 1.373823795883263870e+02 1.816871436774177950e+24
5.277254352483553417e-32 1.743328822199987371e+02 1.767372424401786801e+24
5.277254352483553417e-32 2.212216291070450325e+02 1.735350686692784315e+24
5.277254352483553417e-32 2.807216203941175650e+02 1.723672068359985467e+24
5.277254352483553417e-32 3.562247890262444230e+02 1.721883899999013074e+24
5.277254352483553417e-32 4.520353656360240393e+02 1.716870071270587614e+24
5.277254352483553417e-32 5.736152510448681596e+02 1.703224623787523040e+24
5.277254352483553417e-32 7.278953843983146044e+02 1.689238734854949249e+24
5.277254352483553417e-32 9.236708571873865594e+02 1.692925729201176149e+24
5.277254352483553417e-32 1.172102297533480623e+03 1.732767888343013140e+24
5.277254352483553417e-32 1.487352107293511835e+03 1.822520937915497170e+24
5.277254352483553417e-32 1.887391822135097755e+03 1.970805508901477085e+24
5.277254352483553417e-32 2.395026619987485901e+03 2.184462819279070290e+24
5.277254352483553417e-32 3.039195382313198024e+03 2.483717559094187922e+24
5.277254352483553417e-32 3.856620421163472201e+03 2.926699388165573344e+24
5.277254352483553417e-32 4.893900918477494088e+03 3.636402942997679464e+24
5.277254352483553417e-32 6.210169418915616006e+03 4.823970324047281609e+24
5.277254352483553417e-32 7.880462815669912743e+03 6.884445293237698145e+24
5.277254352483553417e-32 1.000000000000000000e+04 1.048864389521431811e+25
6.397643955748449528e-32 1.000000000000000000e+01 1.115667810866873642e+24
6.397643955748449528e-32 1.268961003167922108e+01 1.044340092497031523e+24
6.397643955748449528e-32 1.610262027560939302e+01 1.007953784384356983e+24
6.397643955748449528e-32 2.043359717856941771e+01 1.007260211100450149e+24
6.397643955748449528e-32 2.592943797404667094e+01 1.040610383805226454e+24
6.397643955748449528e-32 3.290344562312667875e+01 1.101158003487252561e+24
6.397643955748449528e-32 4.175318936560400118e+01 1.182635543137451489e+24
6.397643955748449528e-32 5.298316906283707084e+01 1.264571106077632134e+24
6.397643955748449528e-32 6.723357536499334230e+01 1.329097373733006520e+24
6.397643955748449528e-32 8.531678524172805567e+01 1.358169057740762573e+24
6.397643955748449528e-32 1.082636733874054045e+02 1.349051132609502829e+24
6.397643955748449528e-32 1.373823795883263870e+02 1.315782944549613555e+24
6.397643955748449528e-32 1.743328822199987371e+02 1.279865698982781673e+24
6.397643955748449528e-32 2.212216291070450325e+02 1.256630179741127345e+24
6.397643955748449528e-32 2.807216203941175650e+02 1.248155957254136443e+24
6.397643955748449528e-32 3.562247890262444230e+02 1.246858428404557469e+24
6.397643955748449528e-32 4.520353656360240393e+02 1.243220298327661782e+24
6.397643955748449528e-32 5.736152510448681596e+02 1.233318893456133995e+24
6.397643955748449528e-32 7.278953843983146044e+02 1.223170446851252173e+24
6.397643955748449528e-32 9.236708571873865594e+02 1.225845806253078638e+24
6.397643955748449528e-32 1.172102297533480623e+03 1.254756053900975621e+24
6.397643955748449528e-32 1.487352107293511835e+03 1.319882311133402254e+24
6.397643955748449528e-32 1.887391822135097755e+03 1.427479140393596062e+24
6.397643955748449528e-32 2.395026619987485901e+03 1.582738862856826322e+24
6.397643955748449528e-32 3.039195382313198024e+03 1.799621027628781788e+24
6.397643955748449528e-32 3.856620421163472201e+03 2.121054923776130615e+24
6.397643955748449528e-32 4.893900918477494088e+03 2.636205059542660590e+24
6.397643955748449528e-32 6.210169418915616006e+03 3.500384220910287648e+24
6.397643955748449528e-32 7.880462815669912743e+03 4.992606394918277829e+24
6.397643955748449528e-32 1.000000000000000000e+04 7.607425988486801937e+24
7.755898323389033201e-32 1.000000000000000000e+01 8.085851041185497350e+23
7.755898323389033201e-32 1.268961003167922108e+01 7.564020330262004897e+23
7.755898323389033201e-32 1.610262027560939302e+01 7.298329080584547284e+23
7.755898323389033201e-32 2.043359717856941771e+01 7.293267658921728174e+23
7.755898323389033201e-32 2.592943797404667094e+01 7.536771435493639827e+23
7.755898323389033201e-32 3.290344562312667875e+01 7.979581692182868913e+23
7.755898323389033201e-32 4.175318936560400118e+01 8.546222695600310651e+23
7.755898323389033201e-32 5.298316906283707084e+01 9.131417633149204520e+23
7.755898323389033201e-32 6.723357536499334230e+01 9.623179485968848399e+23
7.755898323389033201e-32 8.531678524172805567e+01 9.834129962600160853e+23
7.755898323389033201e-32 1.082636733874054045e+02 9.767968374765018929e+23
7.755898323389033201e-32 1.373823795883263870e+02 9.526566801397500063e+23
7.755898323389033201e-32 1.743328822199987371e+02 9.265942204167292788e+23
7.755898323389033201e-32 2.212216291070450325e+02 9.074863327882480640e+23
7.755898323389033201e-32 2.807216203941175650e+02 9.014470555925115526e+23
7.755898323389033201e-32 3.562247890262444230e+02 9.005219903981582885e+23
7.755898323389033201e-32 4.520353656360240393e+02 8.979277007242234167e+23
7.755898323389033201e-32 5.736152510448681596e+02 8.908634379173388249e+23
7.755898323389033201e-32 7.278953843983146044e+02 8.836173707981436916e+23
7.755898323389033201e-32 9.236708571873865594e+02 8.855281342260413559e+23
7.755898323389033201e-32 1.172102297533480623e+03 9.061510660322844402e+23
7.755898323389033201e-32 1.487352107293511835e+03 9.556312856075075657e+23
7.755898323389033201e-32 1.887391822135097755e+03 1.033705678091640447e+24
7.755898323389033201e-32 2.395026619987485901e+03 1.146363935049171000e+24
7.755898323389033201e-32 3.039195382313198024e+03 1.303921520559533402e+24
7.755898323389033201e-32 3.856620421163472201e+03 1.536942943296193139e+24
7.755898323389033201e-32 4.893900918477494088e+03 1.910770252477897053e+24
7.755898323389033201e-32 6.210169418915616006e+03 2.538605860028190011e+24
7.755898323389033201e-32 7.880462815669912743e+03 3.620424112428753650e+24
7.755898323389033201e-32 1.000000000000000000e+04 5.517445528677993599e+24
9.402517429670093995e-32 1.000000000000000000e+01 5.853986646896294106e+23
9.402517429670093995e-32 1.268961003167922108e+01 5.473699136125385897e+23
9.402517429670093995e-32 1.610262027560939302e+01 5.280298865485581333e+23
9.402517429670093995e-32 2.043359717856941771e+01 5.276615868081120729e+23
9.402517429670093995e-32 2.592943797404667094e+01 5.453857987216392176e+23
9.402517429670093995e-32 3.290344562312667875e+01 5.776489544933255896e+23
9.402517429670093995e-32 4.175318936560400118e+01 6.190070682102636583e+23
9.402517429670093995e-32 5.298316906283707084e+01 6.618242957781463749e+23
9.402517429670093995e-32 6.723357536499334230e+01 6.954295600322914235e+23
9.402517429670093995e-32 8.531678524172805567e+01 7.105306788373828867e+23
9.402517429670093995e-32 1.082636733874054045e+02 7.057972756747471102e+23
9.402517429670093995e-32 1.373823795883263870e+02 6.885048950966927858e+23
9.402517429670093995e-32 1.743328822199987371e+02 6.697998163840653381e+23
9.402517429670093995e-32 2.212216291070450325e+02 6.576811351003519391e+23
9.402517429670093995e-32 2.807216203941175650e+02 6.532580606686260227e+23
9.402517429670093995e-32 3.562247890262444230e+02 6.525806734930416448e+23
9.402517429670093995e-32 4.520353656360240393e+02 6.506811454646033947e+23
9.402517429670093995e-32 5.736152510448681596e+02 6.455099316351170668e+23
9.402517429670093995e-32 7.278953843983146044e+02 6.402074411547192879e+23
9.402517429670093995e-32 9.236708571873865594e+02 6.416055142499297085e+23
9.402517429670093995e-32 1.172102297533480623e+03 6.567030919728863254e+23
9.402517429670093995e-32 1.487352107293511835e+03 6.906374667177777462e+23
9.402517429670093995e-32 1.887391822135097755e+03 7.464188648339306227e+23
9.402517429670093995e-32 2.395026619987485901e+03 8.301090485112669083e+23
9.402517429670093995e-32 3.039195382313198024e+03 9.444345067186747657e+23
9.402517429670093995e-32 3.856620421163472201e+03 1.113498028435408821e+24
9.402517429670093995e-32 4.893900918477494088e+03 1.384747023537542544e+24
9.402517429670093995e-32 6.210169418915616006e+03 1.840515310926326927e+24
9.402517429670093995e-32 7.880462815669912743e+03 2.621759440172500738e+24
9.402517429670093995e-32 1.000000000000000000e+04 4.002551217893009772e+24
1.139872266616047958e-31 1.000000000000000000e+01 4.234912944758342738e+23
1.139872266616047958e-31 1.268961003167922108e+01 3.958405432137050562e+23
1.139872266616047958e-31 1.610262027560939302e+01 3.817870219222418048e+23
1.139872266616047958e-31 2.043359717856941771e+01 3.815194425559444158e+23
1.139872266616047958e-31 2.592943797404667094e+01 3.943985410811270466e+23
1.139872266616047958e-31 3.290344562312667875e+01 4.178543718757255464e+23
1.139872266616047958e-31 4.175318936560400118e+01 4.479520283910957129e+23
1.139872266616047958e-31 5.298316906283707084e+01 4.791574138233764708e+23
1.139872266616047958e-31 6.723357536499334230e+01 5.036898511922377639e+23
1.139872266616047958e-31 8.531678524172805567e+01 5.147274223298785627e+23
1.139872266616047958e-31 1.082636733874054045e+02 5.112667691904730158e+23
1.139872266616047958e-31 1.373823795883263870e+02 4.986314283410257284e+23
1.139872266616047958e-31 1.743328822199987371e+02 4.849761416521216436e+23
1.139872266616047958e-31 2.212216291070450325e+02 4.761354801673978365e+23
1.139872266616047958e-31 2.807216203941175650e+02 4.729099812257311710e+23
1.139872266616047958e-31 3.562247890262444230e+02 4.724160545857887210e+23
1.139872266616047958e-31 4.520353656360240393e+02 4.710310613900476432e+23
1.139872266616047958e-31 5.736152510448681596e+02 4.672611538865037739e+23
1.139872266616047958e-31 7.278953843983146044e+02 4.633963653120264703e+23
1.139872266616047958e-31 9.236708571873865594e+02 4.644152894044292671e+23
1.139872266616047958e-31 1.172102297533480623e+03 4.754221957255678017e+23
1.139872266616047958e-31 1.487352107293511835e+03 5.001890800102662577e+23
1.139872266616047958e-31 1.887391822135097755e+03 5.409961666422895542e+23
1.139872266616047958e-31 2.395026619987485901e+03 5.995374780376695513e+23
1.139872266616047958e-31 3.039195382313198024e+03 6.838999961395036695e+23
1.139872266616047958e-31 3.856620421163472201e+03 8.066972607237755974e+23
1.139872266616047958e-31 4.893900918477494088e+03 1.003375897255146896e+24
1.139872266616047958e-31 6.210169418915616006e+03 1.334123922387221539e+24
1.139872266616047958e-31 7.880462815669912743e+03 1.902371973676478201e+24
1.139872266616047958e-31 1.000000000000000000e+04 2.902738213410767163e+24
1.381873305653627927e-31 1.000000000000000000e+01 3.061760126081192973e+23
1.381873305653627927e-31 1.268961003167922108e+01 2.860945363413698882e+23
1.381873305653627927e-31 1.610262027560939302e+01 2.758909691466097340e+23
1.381873305653627927e-31 2.043359717856941771e+01 2.756967080046359352e+23
1.381873305653627927e-31 2.592943797404667094e+01 2.850474948007348698e+23
1.381873305653627927e-31 3.290344562312667875e+01 3.020814505667746836e+23
1.381873305653627927e-31 4.175318936560400118e+01 3.239492838016950888e+23
1.381873305653627927e-31 5.298316906283707084e+01 3.466395404686306333e+23
1.381873305653627927e-31 6.723357536499334230e+01 3.644944704498549601e+23
1.381873305653627927e-31 8.531678524172805567e+01 3.725335249681045866e+23
1.381873305653627927e-31 1.082636733874054045e+02 3.700125872973590561e+23
1.381873305653627927e-31 1.373823795883263870e+02 3.608115004915775544e+23
1.381873305653627927e-31 1.743328822199987371e+02 3.508729682551845767e+23
1.381873305653627927e-31 2.212216291070450325e+02 3.444412579547830823e+23
1.381873305653627927e-31 2.807216203941175650e+02 3.420951379109540727e+23
1.381873305653627927e-31 3.562247890262444230e+02 3.417358940208645412e+23
1.381873305653627927e-31 4.520353656360240393e+02 3.407285879249779137e+23
1.381873305653627927e-31 5.736152510448681596e+02 3.379869558872099804e+23
1.381873305653627927e-31 7.278953843983146044e+02 3.351766515974682549e+23
1.381873305653627927e-31 9.236708571873865594e+02 3.359175367035230890e+23
1.381873305653627927e-31 1.172102297533480623e+03 3.439224172194968224e+23
1.381873305653627927e-31 1.487352107293511835e+03 3.619455299079626304e+23
1.381873305653627927e-31 1.887391822135097755e+03 3.916829077055996072e+23
1.381873305653627927e-31 2.395026619987485901e+03 4.344631906315190990e+23
1.381873305653627927e-31 3.039195382313198024e+03 4.938803652025923844e+23
1.381873305653627927e-31 3.856620421163472201e+03 5.842118253349167830e+23
1.381873305653627927e-31 4.893900918477494088e+03 7.269111357001268587e+23
1.381873305653627927e-31 6.210169418915616006e+03 9.669043183325551662e+23
1.381873305653627927e-31 7.880462815669912743e+03 1.379653680829636264e+24
1.381873305653627927e-31 1.000000000000000000e+04 2.105010641722202500e+24
1.675252472408210261e-31 1.000000000000000000e+01 2.212342080707907782e+23
1.675252472408210261e-31 1.268961003167922108e+01 2.066574410625870631e+23
1.675252472408210261e-31 1.610262027560939302e+01 1.992516580059830634e+23
1.675252472408210261e-31 2.043359717856941771e+01 1.991106666324171277e+23
1.675252472408210261e-31 2.592943797404667094e+01 2.058974751643454165e+23
1.675252472408210261e-31 3.290344562312667875e+01 2.182618323954608867e+23
1.675252472408210261e-31 4.175318936560400118e+01 2.341380811243603257e+23
1.675252472408210261e-31 5.298316906283707084e+01 2.506172114677850566e+23
1.675252472408210261e-31 6.723357536499334230e+01 2.635905885172531326e+23
1.675252472408210261e-31 8.531678524172805567e+01 2.694339466158069787e+23
1.675252472408210261e-31 1.082636733874054045e+02 2.676013868453329812e+23
1.675252472408210261e-31 1.373823795883263870e+02 2.609140224082376718e+23
1.675252472408210261e-31 1.743328822199987371e+02 2.536926652967721055e+23
1.675252472408210261e-31 2.212216291070450325e+02 2.490203452742645831e+23
1.675252472408210261e-31 2.807216203941175650e+02 2.473161743302676049e+23
1.675252472408210261e-31 3.562247890262444230e+02 2.470552350192941159e+23
1.675252472408210261e-31 4.520353656360240393e+02 2.463235818705774319e+23
1.675252472408210261e-31 5.736152510448681596e+02 2.443322852360576911e+23
1.675252472408210261e-31 7.278953843983146044e+02 2.422912246837056163e+23
1.675252472408210261e-31 9.236708571873865594e+02 2.428293018950167345e+23
1.675252472408210261e-31 1.172102297533480623e+03 2.486434629703912978e+23
1.675252472408210261e-31 1.487352107293511835e+03 2.617381408911666237e+23
1.675252472408210261e-31 1.887391822135097755e+03 2.833597700684076024e+23
1.675252472408210261e-31 2.395026619987485901e+03 3.145148574406376811e+23
1.675252472408210261e-31 3.039195382313198024e+03 3.579313616851593268e+23
1.675252472408210261e-31 3.856620421163472201e+03 4.229822798508236651e+23
1.675252472408210261e-31 4.893900918477494088e+03 5.266081824839924261e+23
1.675252472408210261e-31 6.210169418915616006e+03 7.006538639446254310e+23
1.675252472408210261e-31 7.880462815669912743e+03 1.000256235656710445e+24
1.675252472408210261e-31 1.000000000000000000e+04 1.523342227601031592e+24
2.030917620904730819e-31 1.000000000000000000e+01 1.597640289179644419e+23
2.030917620904730819e-31 1.268961003167922108e+01 1.491850562199871208e+23
2.030917620904730819e-31 1.610262027560939302e+01 1.438105488366353577e+23
2.030917620904730819e-31 2.043359717856941771e+01 1.437082298497350280e+23
2.030917620904730819e-31 2.592943797404667094e+01 1.486335315560579822e+23
2.030917620904730819e-31 3.290344562312667875e+01 1.576068008934316620e+23
2.030917620904730819e-31 4.175318936560400118e+01 1.691295613061055067e+23
2.030917620904730819e-31 5.298316906283707084e+01 1.810914887246865089e+23
2.030917620904730819e-31 6.723357536499334230e+01 1.905104577678852856e+23
2.030917620904730819e-31 8.531678524172805567e+01 1.947535752044523511e+23
2.030917620904730819e-31 1.082636733874054045e+02 1.934228196595883196e+23
2.030917620904730819e-31 1.373823795883263870e+02 1.885670416118155785e+23
2.030917620904730819e-31 1.743328822199987371e+02 1.833241637597959328e+23
2.030917620904730819e-31 2.212216291070450325e+02 1.799322528961671169e+23
2.030917620904730819e-31 2.807216203941175650e+02 1.786951458824758881e+23
2.030917620904730819e-31 3.562247890262444230e+02 1.785057247823238823e+23
2.030917620904730819e-31 4.520353656360240393e+02 1.779746062008362446e+23
2.030917620904730819e-31 5.736152510448681596e+02 1.765291155177251757e+23
2.030917620904730819e-31 7.278953843983146044e+02 1.750475343479923299e+23
2.030917620904730819e-31 9.236708571873865594e+02 1.754381149082207493e+23
2.030917620904730819e-31 1.172102297533480623e+03 1.796586608471486665e+23
2.030917620904730819e-31 1.487352107293511835e+03 1.891654145232970606e+23
2.030917620904730819e-31 1.887391822135097755e+03 2.048680042211382416e+23
2.030917620904730819e-31 2.395026619987485901e+03 2.275125715301145489e+23
2.030917620904730819e-31 3.039195382313198024e+03 2.591294632713369703e+23
2.030917620904730819e-31 3.856620421163472201e+03 3.056989753085710649e+23
2.030917620904730819e-31 4.893900918477494088e+03 3.813547779049615734e+23
2.030917620904730819e-31 6.210169418915616006e+03 5.076343105296413261e+23
2.030917620904730819e-31 7.880462815669912743e+03 7.250465334785610875e+23
2.030917620904730819e-31 1.000000000000000000e+04 1.105810123033634721e+24
2.462092401494620645e-31 1.000000000000000000e+01 1.152990373478204881e+23
2.462092401494620645e-31 1.268961003167922108e+01 1.076219149735178535e+23
2.462092401494620645e-31 1.610262027560939302e+01 1.037216928033815082e+23
2.462092401494620645e-31 2.043359717856941771e+01 1.036474413022201376e+23
2.462092401494620645e-31 2.592943797404667094e+01 1.072216787685648368e+23
2.462092401494620645e-31 3.290344562312667875e+01 1.137335343664905490e+23
2.462092401494620645e-31 4.175318936560400118e+01 1.220957098660309961e+23
2.462092401494620645e-31 5.298316906283707084e+01 1.307769631070449283e+23
2.462092401494620645e-31 6.723357536499334230e+01 1.376131444940795365e+23
2.462092401494620645e-31 8.531678524172805567e+01 1.406929415178844646e+23
2.462092401494620645e-31 1.082636733874054045e+02 1.397270194798591706e+23
2.462092401494620645e-31 1.373823795883263870e+02 1.362025889315786777e+23
2.462092401494620645e-31 1.743328822199987371e+02 1.323973657166457675e+23
2.462092401494620645e-31 2.212216291070450325e+02 1.299356354227465974e+23
2.462092401494620645e-31 2.807216203941175650e+02 1.290377984047558919e+23
2.462092401494620645e-31 3.562247890262444230e+02 1.289003255990488253e+23
2.462092401494620645e-31 4.520353656360240393e+02 1.285148658287515292e+23
2.462092401494620645e-31 5.736152510448681596e+02 1.274658053382141253e+23
2.462092401494620645e-31 7.278953843983146044e+02 1.263905603685525813e+23
2.462092401494620645e-31 9.236708571873865594e+02 1.266740201248639009e+23
2.462092401494620645e-31 1.172102297533480623e+03 1.297370739677502164e+23
2.462092401494620645e-31 1.487352107293511835e+03 1.366368944648929537e+23
2.462092401494620645e-31 1.887391822135097755e+03 1.480349910091928374e+23
2.462092401494620645e-31 2.395026619987485901e+03 1.644778296498956502e+23
2.462092401494620645e-31 3.039195382313198024e+03 1.874575055212910865e+23
2.462092401494620645e-31 3.856620421163472201e+03 2.213937343486758843e+23
2.462092401494620645e-31 4.893900918477494088e+03 2.760961578462274786e+23
2.462092401494620645e-31 6.210169418915616006e+03 3.677804549132062126e+23
2.462092401494620645e-31 7.880462815669912743e+03 5.254740957555503976e+23
2.462092401494620645e-31 1.000000000000000000e+04 8.021586024011834369e+23
2.984807916924321331e-31 1.000000000000000000e+01 8.314897038597834565e+22
2.984807916924321331e-31 1.268961003167922108e+01 7.758442684217737767e+22
2.984807916924321331e-31 1.610262027560939302e+01 7.475405901344708913e+22
2.984807916924321331e-31 2.043359717856941771e+01 7.470017525071488431e+22
2.984807916924321331e-31 2.592943797404667094e+01 7.729397792384731211e+22
2.984807916924321331e-31 3.290344562312667875e+01 8.201291650018472414e+22
2.984807916924321331e-31 4.175318936560400118e+01 8.808120512695477731e+22
2.984807916924321331e-31 5.298316906283707084e+01 9.438113029905601633e+22
2.984807916924321331e-31 6.723357536499334230e+01 9.934219873204081944e+22
2.984807916924321331e-31 8.531678524172805567e+01 1.015772734499313754e+23
2.984807916924321331e-31 1.082636733874054045e+02 1.008762796530159709e+23
2.984807916924321331e-31 1.373823795883263870e+02 9.831853627803175381e+22
2.984807916924321331e-31 1.743328822199987371e+02 9.555705639320035734e+22
2.984807916924321331e-31 2.212216291070450325e+02 9.377057967229369949e+22
2.984807916924321331e-31 2.807216203941175650e+02 9.311902168224980219e+22
2.984807916924321331e-31 3.562247890262444230e+02 9.301925814691382585e+22
2.984807916924321331e-31 4.520353656360240393e+02 9.273953150469736392e+22
2.984807916924321331e-31 5.736152510448681596e+02 9.197823363502301826e+22
2.984807916924321331e-31 7.278953843983146044e+02 9.119793557519455591e+22
2.984807916924321331e-31 9.236708571873865594e+02 9.140364024324116867e+22
2.984807916924321331e-31 1.172102297533480623e+03 9.362648401886871500e+22
2.984807916924321331e-31 1.487352107293511835e+03 9.863371944842817333e+22
2.984807916924321331e-31 1.887391822135097755e+03 1.069057146728928216e+23
2.984807916924321331e-31 2.395026619987485901e+03 1.188403607799169538e+23
2.984807916924321331e-31 3.039195382313198024e+03 1.355263432285623754e+23
2.984807916924321331e-31 3.856620421163472201e+03 1.602009647158847194e+23
2.984807916924321331e-31 4.893900918477494088e+03 1.995716763736554676e+23
2.984807916924321331e-31 6.210169418915616006e+03 2.663598225505498987e+23
2.984807916924321331e-31 7.880462815669912743e+03 3.807758179427429940e+23
2.984807916924321331e-31 1.000000000000000000e+04 5.816525214272856303e+23
3.618498759642742898e-31 1.000000000000000000e+01 5.991952684592300609e+22
3.618498759642742898e-31 1.268961003167922108e+01 5.587664920814082956e+22
3.618498759642742898e-31 1.610262027560939302e+01 5.382276124671670747e+22
3.618498759642742898e-31 2.043359717856941771e+01 5.378366010953165282e+22
3.618498759642742898e-31 2.592943797404667094e+01 5.566588121836687039e+22
3.618498759642742898e-31 3.290344562312667875e+01 5.909510741879486310e+22
3.618498759642742898e-31 4.175318936560400118e+01 6.349879281664068577e+22
3.618498759642742898e-31 5.298316906283707084e+01 6.806511351427646462e+22
3.618498759642742898e-31 6.723357536499334230e+01 7.166526004254930580e+22
3.618498759642742898e-31 8.531678524172805567e+01 7.328721874087513476e+22
3.618498759642742898e-31 1.082636733874054045e+02 7.277851773347393280e+22
3.618498759642742898e-31 1.373823795883263870e+02 7.092240493960987515e+22
3.618498759642742898e-31 1.743328822199987371e+02 6.891845450921684029e+22
3.618498759642742898e-31 2.212216291070450325e+02 6.762205141536924185e+22
3.618498759642742898e-31 2.807216203941175650e+02 6.714923169975192309e+22
3.618498759642742898e-31 3.562247890262444230e+02 6.707683578056249914e+22
3.618498759642742898e-31 4.520353656360240393e+02 6.687384516365878978e+22
3.618498759642742898e-31 5.736152510448681596e+02 6.632139080464901918e+22
3.618498759642742898e-31 7.278953843983146044e+02 6.575514916660960664e+22
3.618498759642742898e-31 9.236708571873865594e+02 6.590442352261332782e+22
3.618498759642742898e-31 1.172102297533480623e+03 6.751748467976605742e+22
3.618498759642742898e-31 1.487352107293511835e+03 7.115112919382138185e+22
3.618498759642742898e-31 1.887391822135097755e+03 7.715402164302237821e+22
3.618498759642742898e-31 2.395026619987485901e+03 8.581519846921569776e+22
3.618498759642742898e-31 3.039195382313198024e+03 9.792624846339815401e+22
3.618498759642742898e-31 3.856620421163472201e+03 1.158461014253382842e+23
3.618498759642742898e-31 4.893900918477494088e+03 1.445090051610351732e+23
3.618498759642742898e-31 6.210169418915616006e+03 1.928606543313967734e+23
3.618498759642742898e-31 7.880462815669912743e+03 2.758764464532208558e+23
3.618498759642742898e-31 1.000000000000000000e+04 4.216580294481036916e+23
4.386725591048494036e-31 1.000000000000000000e+01 4.313581650893485375e+22
4.386725591048494036e-31 1.268961003167922108e+01 4.020213591216897812e+22
4.386725591048494036e-31 1.610262027560939302e+01 3.871177495598798681e+22
4.386725591048494036e-31 2.043359717856941771e+01 3.868340228270400419e+22
4.386725591048494036e-31 2.592943797404667094e+01 4.004919576749981198e+22
4.386725591048494036e-31 3.290344562312667875e+01 4.253757873851202326e+22
4.386725591048494036e-31 4.175318936560400118e+01 4.573312505386237323e+22
4.386725591048494036e-31 5.298316906283707084e+01 4.905071206008559868e+22
4.386725591048494036e-31 6.723357536499334230e+01 5.166328079044263595e+22
4.386725591048494036e-31 8.531678524172805567e+01 5.284031251043028723e+22
4.386725591048494036e-31 1.082636733874054045e+02 5.247115547809019645e+22
4.386725591048494036e-31 1.373823795883263870e+02 5.112420084333497496e+22
4.386725591048494036e-31 1.743328822199987371e+02 4.966996561973763847e+22
4.386725591048494036e-31 2.212216291070450325e+02 4.872918962850201233e+22
4.386725591048494036e-31 2.807216203941175650e+02 4.838607277032238953e+22
4.386725591048494036e-31 3.562247890262444230e+02 4.833353635416056739e+22
4.386725591048494036e-31 4.520353656360240393e+02 4.818622973676760334e+22
4.386725591048494036e-31 5.736152510448681596e+02 4.778532377136087643e+22
4.386725591048494036e-31 7.278953843983146044e+02 4.737441290585315580e+22
4.386725591048494036e-31 9.236708571873865594e+02 4.748273845324196138e+22
4.386725591048494036e-31 1.172102297533480623e+03 4.865330739408436986e+22
4.386725591048494036e-31 1.487352107293511835e+03 5.129018383377785632e+22
4.386725591048494036e-31 1.887391822135097755e+03 5.564192915670739976e+22
4.386725591048494036e-31 2.395026619987485901e+03 6.192717348613134483e+22
4.386725591048494036e-31 3.039195382313198024e+03 7.071632425183726692e+22
4.386725591048494036e-31 3.856620421163472201e+03 8.372382867041865328e+22
4.386725591048494036e-31 4.893900918477494088e+03 1.045537703700685075e+23
4.386725591048494036e-31 6.210169418915616006e+03 1.393552826788854786e+23
4.386725591048494036e-31 7.880462815669912743e+03 1.998711040396989489e+23
4.386725591048494036e-31 1.000000000000000000e+04 3.056197739084326466e+23
5.318051128214197356e-31 1.000000000000000000e+01 3.102024033224796144e+22
5.318051128214197356e-31 1.268961003167922108e+01 2.882658681374142733e+22
5.318051128214197356e-31 1.610262027560939302e+01 2.776076475772892820e+22
5.318051128214197356e-31 2.043359717856941771e+01 2.774044387799351480e+22
5.318051128214197356e-31 2.592943797404667094e+01 2.871736250586818517e+22
5.318051128214197356e-31 3.290344562312667875e+01 3.058615354673065466e+22
5.318051128214197356e-31 4.175318936560400118e+01 3.290490026571150341e+22
5.318051128214197356e-31 5.298316906283707084e+01 3.531226388382354715e+22
5.318051128214197356e-31 6.723357536499334230e+01 3.720807150466147706e+22
5.318051128214197356e-31 8.531678524172805567e+01 3.806219016433123197e+22
5.318051128214197356e-31 1.082636733874054045e+02 3.779430919929312838e+22
5.318051128214197356e-31 1.373823795883263870e+02 3.681688583571721159e+22
5.318051128214197356e-31 1.743328822199987371e+02 3.576162104806417944e+22
5.318051128214197356e-31 2.212216291070450325e+02 3.507895325798962509e+22
5.318051128214197356e-31 2.807216203941175650e+02 3.482997324220678223e+22
5.318051128214197356e-31 3.562247890262444230e+02 3.479185065348134915e+22
5.318051128214197356e-31 4.520353656360240393e+02 3.468495896355601069e+22
5.318051128214197356e-31 5.736152510448681596e+02 3.439404572003298338e+22
5.318051128214197356e-31 7.278953843983146044e+02 3.409587328271753465e+22
5.318051128214197356e-31 9.236708571873865594e+02 3.417447830802360225e+22
5.318051128214197356e-31 1.172102297533480623e+03 3.502388987710698580e+22
5.318051128214197356e-31 1.487352107293511835e+03 3.693733275459592493e+22
5.318051128214197356e-31 1.887391822135097755e+03 4.009845751025679257e+22
5.318051128214197356e-31 2.395026619987485901e+03 4.465590587952985224e+22
5.318051128214197356e-31 3.039195382313198024e+03 5.103398292582445561e+22
5.318051128214197356e-31 3.856620421163472201e+03 6.047389050412093302e+22
5.318051128214197356e-31 4.893900918477494088e+03 7.559803728077061620e+22
5.318051128214197356e-31 6.210169418915616006e+03 1.009455476441947497e+23
5.318051128214197356e-31 7.880462815669912743e+03 1.447528986239068463e+23
5.318051128214197356e-31 1.000000000000000000e+04 2.214805007070949729e+23
6.447102107323869866e-31 1.000000000000000000e+01 2.224531807873128831e+22
6.447102107323869866e-31 1.268961003167922108e+01 2.071563912639171422e+22
6.447102107323869866e-31 1.610262027560939302e+01 1.993643496675944799e+22
6.447102107323869866e-31 2.043359717856941771e+01 1.992158933323021602e+22
6.447102107323869866e-31 2.592943797404667094e+01 2.063573583752886170e+22
6.447102107323869866e-31 3.290344562312667875e+01 2.193389068426945967e+22
6.447102107323869866e-31 4.175318936560400118e+01 2.359386706066929825e+22
6.447102107323869866e-31 5.298316906283707084e+01 2.539479693855280857e+22
6.447102107323869866e-31 6.723357536499334230e+01 2.677042278003041423e+22
6.447102107323869866e-31 8.531678524172805567e+01 2.739019251227118325e+22
6.447102107323869866e-31 1.082636733874054045e+02 2.719581089991864038e+22
6.447102107323869866e-31 1.373823795883263870e+02 2.648656955481388378e+22
6.447102107323869866e-31 1.743328822199987371e+02 2.572085333317933177e+22
6.447102107323869866e-31 2.212216291070450325e+02 2.522550548048265400e+22
6.447102107323869866e-31 2.807216203941175650e+02 2.504484478992976026e+22
6.447102107323869866e-31 3.562247890262444230e+02 2.501718297080858096e+22
6.447102107323869866e-31 4.520353656360240393e+02 2.493962224331605724e+22
6.447102107323869866e-31 5.736152510448681596e+02 2.472853584873742192e+22
6.447102107323869866e-31 7.278953843983146044e+02 2.451218309409351192e+22
6.447102107323869866e-31 9.236708571873865594e+02 2.456921849805826058e+22
6.447102107323869866e-31 1.172102297533480623e+03 2.518555126575993245e+22
6.447102107323869866e-31 1.487352107293511835e+03 2.657396906740183728e+22
6.447102107323869866e-31 1.887391822135097755e+03 2.886777760819979695e+22
6.447102107323869866e-31 2.395026619987485901e+03 3.217752211088810495e+22
6.447102107323869866e-31 3.039195382313198024e+03 3.680296909275842740e+22
6.447102107323869866e-31 3.856620421163472201e+03 4.365330444803230401e+22
6.447102107323869866e-31 4.893900918477494088e+03 5.463044611880535248e+22
6.447102107323869866e-31 6.210169418915616006e+03 7.305557309611741859e+22
6.447102107323869866e-31 7.880462815669912743e+03 1.048090994885898294e+23
6.447102107323869866e-31 1.000000000000000000e+04 1.604797314102501940e+23
7.815856707684090953e-31 1.000000000000000000e+01 1.597053803298877447e+22
7.815856707684090953e-31 1.268961003167922108e+01 1.485489958828673440e+22
7.815856707684090953e-31 1.610262027560939302e+01 1.428742914888503919e+22
7.815856707684090953e-31 2.043359717856941771e+01 1.427662239088905290e+22
7.815856707684090953e-31 2.592943797404667094e+01 1.479668486459607115e+22
7.815856707684090953e-31 3.290344562312667875e+01 1.574321489969213656e+22
7.815856707684090953e-31 4.175318936560400118e+01 1.695615935667376226e+22
7.815856707684090953e-31 5.298316906283707084e+01 1.821117751619533511e+22
7.815856707684090953e-31 6.723357536499334230e+01 1.919551072707981764e+22
7.815856707684090953e-31 8.531678524172805567e+01 1.963761380328129901e+22
7.815856707684090953e-31 1.082636733874054045e+02 1.949905373841951870e+22
7.815856707684090953e-31 1.373823795883263870e+02 1.899273020968699272e+22
7.815856707684090953e-31 1.743328822199987371e+02 1.844484172760882348e+22
7.815856707684090953e-31 2.212216291070450325e+02 1.808977641503774579e+22
7.815856707684090953e-31 2.807216203941175650e+02 1.796016353168169999e+22
7.815856707684090953e-31 3.562247890262444230e+02 1.794031262982325718e+22
7.815856707684090953e-31 4.520353656360240393e+02 1.788464552686377763e+22
7.815856707684090953e-31 5.736152510448681596e+02 1.773309011141558115e+22
7.815856707684090953e-31 7.278953843983146044e+02 1.757767387879899660e+22
7.815856707684090953e-31 9.236708571873865594e+02 1.761865273597438932e+22
7.815856707684090953e-31 1.172102297533480623e+03 1.806111690527459613e+22
7.815856707684090953e-31 1.487352107293511835e+03 1.905518626579737582e+22
7.815856707684090953e-31 1.887391822135097755e+03 2.076054346667931992e+22
7.815856707684090953e-31 2.395026619987485901e+03 2.316215200644898541e+22
7.815856707684090953e-31 3.039195382313198024e+03 2.652073561216513999e+22
7.815856707684090953e-31 3.856620421163472201e+03 3.148938949362988142e+22
7.815856707684090953e-31 4.893900918477494088e+03 3.945550710466050576e+22
7.815856707684090953e-31 6.210169418915616006e+03 5.283516094523168417e+22
7.815856707684090953e-31 7.880462815669912743e+03 7.573432268039576250e+22
7.815856707684090953e-31 1.000000000000000000e+04 1.162594623358475530e+23
9.475205302806546904e-31 1.000000000000000000e+01 1.144194979805491574e+22
9.475205302806546904e-31 1.268961003167922108e+01 1.063067073417169181e+22
9.475205302806546904e-31 1.610262027560939302e+01 1.021836956774783622e+22
9.475205302806546904e-31 2.043359717856941771e+01 1.021051988321265254e+22
9.475205302806546904e-31 2.592943797404667094e+01 1.058836422208744797e+22
9.475205302806546904e-31 3.290344562312667875e+01 1.127655939543536134e+22
9.475205302806546904e-31 4.175318936560400118e+01 1.215961700294242756e+22
9.475205302806546904e-31 5.298316906283707084e+01 1.307500603811751893e+22
9.475205302806546904e-31 6.723357536499334230e+01 1.379441516278361516e+22
9.475205302806546904e-31 8.531678524172805567e+01 1.411799995015998577e+22
9.475205302806546904e-31 1.082636733874054045e+02 1.401655182020712595e+22
9.475205302806546904e-31 1.373823795883263870e+02 1.364609541101835833e+22
9.475205302806546904e-31 1.743328822199987371e+02 1.324565660822421897e+22
9.475205302806546904e-31 2.212216291070450325e+02 1.298637234394688075e+22
9.475205302806546904e-31 2.807216203941175650e+02 1.289176465564191267e+22
9.475205302806546904e-31 3.562247890262444230e+02 1.287727690599281721e+22
9.475205302806546904e-31 4.520353656360240393e+02 1.283665217319548957e+22
9.475205302806546904e-31 5.736152510448681596e+02 1.272606996971003052e+22
9.475205302806546904e-31 7.278953843983146044e+02 1.261270039370410859e+22
9.475205302806546904e-31 9.236708571873865594e+02 1.264258985896337788e+22
9.475205302806546904e-31 1.172102297533480623e+03 1.296545116621023216e+22
9.475205302806546904e-31 1.487352107293511835e+03 1.369177170389609166e+22
9.475205302806546904e-31 1.887391822135097755e+03 1.488784366155840094e+22
9.475205302806546904e-31 2.395026619987485901e+03 1.665469832836191093e+22
9.475205302806546904e-31 3.039195382313198024e+03 1.909172353312817886e+22
9.475205302806546904e-31 3.856620421163472201e+03 2.269897618848636469e+22
9.475205302806546904e-31 4.893900918477494088e+03 2.847775911505126700e+22
9.475205302806546904e-31 6.210169418915616006e+03 3.818918468416470568e+22
9.475205302806546904e-31 7.880462815669912743e+03 5.485839771221957489e+22
9.475205302806546904e-31 1.000000000000000000e+04 8.422179092965551296e+22
1.148684256737554772e-30 1.000000000000000000e+01 8.180879084783514157e+21
1.148684256737554772e-30 1.268961003167922108e+01 7.591947811623837630e+21
1.148684256737554772e-30 1.610262027560939302e+01 7.292795852714751820e+21
1.148684256737554772e-30 2.043359717856941771e+01 7.287101270037285044e+21
1.148684256737554772e-30 2.592943797404667094e+01 7.561247406229173567e+21
1.148684256737554772e-30 3.290344562312667875e+01 8.060782307009635549e+21
1.148684256737554772e-30 4.175318936560400118e+01 8.702248732750514225e+21
1.148684256737554772e-30 5.298316906283707084e+01 9.367935730007728456e+21
1.148684256737554772e-30 6.723357536499334230e+01 9.891754403234599404e+21
1.148684256737554772e-30 8.531678524172805567e+01 1.012758157312360710e+22
1.148684256737554772e-30 1.082636733874054045e+02 1.005363109086696676e+22
1.148684256737554772e-30 1.373823795883263870e+02 9.783706023460610245e+21
1.148684256737554772e-30 1.743328822199987371e+02 9.492133185211374502e+21
1.148684256737554772e-30 2.212216291070450325e+02 9.303441857025634468e+21
1.148684256737554772e-30 2.807216203941175650e+02 9.234610571889266917e+21
1.148684256737554772e-30 3.562247890262444230e+02 9.224070947354441679e+21
1.148684256737554772e-30 4.520353656360240393e+02 9.194518248943741043e+21
1.148684256737554772e-30 5.736152510448681596e+02 9.114083393376981352e+21
1.148684256737554772e-30 7.278953843983146044e+02 9.031634157273317638e+21
1.148684256737554772e-30 9.236708571873865594e+02 9.053370322878578295e+21
1.148684256737554772e-30 1.172102297533480623e+03 9.288219932938904535e+21
1.148684256737554772e-30 1.487352107293511835e+03 9.816977774781180936e+21
1.148684256737554772e-30 1.887391822135097755e+03 1.068925647610500979e+22
1.148684256737554772e-30 2.395026619987485901e+03 1.194340381079797498e+22
1.148684256737554772e-30 3.039195382313198024e+03 1.372906037504146565e+22
1.148684256737554772e-30 3.856620421163472201e+03 1.634653029568142639e+22
1.148684256737554772e-30 4.893900918477494088e+03 2.053975570330207807e+22
1.148684256737554772e-30 6.210169418915616006e+03 2.758741499443960768e+22
1.148684256737554772e-30 7.880462815669912743e+03 3.970084645986205119e+22
1.148684256737554772e-30 1.000000000000000000e+04 6.098930814672842837e+22
1.392556128874464833e-30 1.000000000000000000e+01 5.836806005817261162e+21
1.392556128874464833e-30 1.268961003167922108e+01 5.409722878094380892e+21
1.392556128874464833e-30 1.610262027560939302e+01 5.192852995569993384e+21
1.392556128874464833e-30 2.043359717856941771e+01 5.188725163956888404e+21
1.392556128874464833e-30 2.592943797404667094e+01 5.387464601838382219e+21
1.392556128874464833e-30 3.290344562312667875e+01 5.749698131765691941e+21
1.392556128874464833e-30 4.175318936560400118e+01 6.215066830465503592e+21
1.392556128874464833e-30 5.298316906283707084e+01 6.698317049156228612e+21
1.392556128874464833e-30 6.723357536499334230e+01 7.078853795686055412e+21
1.392556128874464833e-30 8.531678524172805567e+01 7.250267443754175562e+21
1.392556128874464833e-30 1.082636733874054045e+02 7.196508981683738903e+21
1.392556128874464833e-30 1.373823795883263870e+02 7.000337421164862243e+21
1.392556128874464833e-30 1.743328822199987371e+02 6.788517879956678640e+21
1.392556128874464833e-30 2.212216291070450325e+02 6.651482353089314292e+21
1.392556128874464833e-30 2.807216203941175650e+02 6.601501885200516252e+21
1.392556128874464833e-30 3.562247890262444230e+02 6.593849105559174775e+21
1.392556128874464833e-30 4.520353656360240393e+02 6.572391510107535442e+21
1.392556128874464833e-30 5.736152510448681596e+02 6.513993139545814598e+21
1.392556128874464833e-30 7.278953843983146044e+02 6.454137744744193720e+21
1.392556128874464833e-30 9.236708571873865594e+02 6.469916944200824259e+21
1.392556128874464833e-30 1.172102297533480623e+03 6.640428902989287129e+21
1.392556128874464833e-30 1.487352107293511835e+03 7.024514249577161818e+21
1.392556128874464833e-30 1.887391822135097755e+03 7.658797303194413171e+21
1.392556128874464833e-30 2.395026619987485901e+03 8.572678781595608416e+21
1.392556128874464833e-30 3.039195382313198024e+03 9.845418631875528753e+21
1.392556128874464833e-30 3.856620421163472201e+03 1.175987966104205420e+22
1.392556128874464833e-30 4.893900918477494088e+03 1.480377255017365006e+22
1.392556128874464833e-30 6.210169418915616006e+03 1.991670084501758175e+22
1.392556128874464833e-30 7.880462815669912743e+03 2.871189603123212163e+22
1.392556128874464833e-30 1.000000000000000000e+04 4.403769247785151785e+22
1.688203316700366181e-30 1.000000000000000000e+01 4.154652077862969934e+21
1.688203316700366181e-30 1.268961003167922108e+01 3.845161920552263746e+21
1.688203316700366181e-30 1.610262027560939302e+01 3.688048481891272622e+21
1.688203316700366181e-30 2.043359717856941771e+01 3.685058342312683241e+21
1.688203316700366181e-30 2.592943797404667094e+01 3.829035350557263397e+21
1.688203316700366181e-30 3.290344562312667875e+01 4.091519436178686214e+21
1.688203316700366181e-30 4.175318936560400118e+01 4.428856109474106573e+21
1.688203316700366181e-30 5.298316906283707084e+01 4.779302883097936134e+21
1.688203316700366181e-30 6.723357536499334230e+01 5.055383288702955422e+21
1.688203316700366181e-30 8.531678524172805567e+01 5.179783702151049511e+21
1.688203316700366181e-30 1.082636733874054045e+02 5.140766632937402663e+21
1.688203316700366181e-30 1.373823795883263870e+02 4.998409620097968636e+21
1.688203316700366181e-30 1.743328822199987371e+02 4.844733205332784841e+21
1.688203316700366181e-30 2.212216291070450325e+02 4.745331895844632265e+21
1.688203316700366181e-30 2.807216203941175650e+02 4.709080910669658718e+21
1.688203316700366181e-30 3.562247890262444230e+02 4.703530483946352542e+21
1.688203316700366181e-30 4.520353656360240393e+02 4.687967887872313786e+21
1.688203316700366181e-30 5.736152510448681596e+02 4.645614812590825800e+21
1.688203316700366181e-30 7.278953843983146044e+02 4.602207487164796633e+21
1.688203316700366181e-30 9.236708571873865594e+02 4.613650374068274201e+21
1.688203316700366181e-30 1.172102297533480623e+03 4.737314640344168530e+21
1.688203316700366181e-30 1.487352107293511835e+03 5.015952663402638213e+21
1.688203316700366181e-30 1.887391822135097755e+03 5.476380441292542312e+21
1.688203316700366181e-30 2.395026619987485901e+03 6.140586569885138551e+21
1.688203316700366181e-30 3.039195382313198024e+03 7.067949186776519672e+21
1.688203316700366181e-30 3.856620421163472201e+03 8.432669682823593984e+21
1.688203316700366181e-30 4.893900918477494088e+03 1.065902050552376721e+22
1.688203316700366181e-30 6.210169418915616006e+03 1.436908100921932644e+22
1.688203316700366181e-30 7.880462815669912743e+03 2.075258767670438684e+22
1.688203316700366181e-30 1.000000000000000000e+04 3.191886506264239695e+22
2.046617999391993973e-30 1.000000000000000000e+01 2.949531304245501886e+21
2.046617999391993973e-30 1.268961003167922108e+01 2.725408134626458206e+21
2.046617999391993973e-30 1.610262027560939302e+01 2.611666586666400219e+21
2.046617999391993973e-30 2.043359717856941771e+01 2.609502148465623826e+21
2.046617999391993973e-30 2.592943797404667094e+01 2.713732247615946883e+21
2.046617999391993973e-30 3.290344562312667875e+01 2.903805673618910216e+21
2.046617999391993973e-30 4.175318936560400118e+01 3.148169657395710525e+21
2.046617999391993973e-30 5.298316906283707084e+01 3.402124530928683844e+21
2.046617999391993973e-30 6.723357536499334230e+01 3.602254139977188770e+21
2.046617999391993973e-30 8.531678524172805567e+01 3.692450751877147001e+21
2.046617999391993973e-30 1.082636733874054045e+02 3.664160073423202025e+21
2.046617999391993973e-30 1.373823795883263870e+02 3.560949152660076364e+21
2.046617999391993973e-30 1.743328822199987371e+02 3.449549199765107376e+21
2.046617999391993973e-30 2.212216291070450325e+02 3.377503084715299045e+21
2.046617999391993973e-30 2.807216203941175650e+02 3.351230096698449592e+21
2.046617999391993973e-30 3.562247890262444230e+02 3.347207498429558686e+21
2.046617999391993973e-30 4.520353656360240393e+02 3.335928835865655116e+21
2.046617999391993973e-30 5.736152510448681596e+02 3.305235257457845993e+21
2.046617999391993973e-30 7.278953843983146044e+02 3.273779053117037871e+21
2.046617999391993973e-30 9.236708571873865594e+02 3.282071288804009837e+21
2.046617999391993973e-30 1.172102297533480623e+03 3.371692475026633130e+21
2.046617999391993973e-30 1.487352107293511835e+03 3.573667473552049177e+21
2.046617999391993973e-30 1.887391822135097755e+03 3.907550235090183782e+21
2.046617999391993973e-30 2.395026619987485901e+03 4.389558166602319921e+21
2.046617999391993973e-30 3.039195382313198024e+03 5.063531589714543903e+21
2.046617999391993973e-30 3.856620421163472201e+03 6.058753110854397329e+21
2.046617999391993973e-30 4.893900918477494088e+03 7.666726695932360917e+21
2.046617999391993973e-30 6.210169418915616006e+03 1.035961322753951059e+22
2.046617999391993973e-30 7.880462815669912743e+03 1.499117491937458572e+22
2.046617999391993973e-30 1.000000000000000000e+04 2.310977594147996487e+22
2.481126055137775304e-30 1.000000000000000000e+01 2.087750781299351093e+21
2.481126055137775304e-30 1.268961003167922108e+01 1.925575770465136804e+21
2.481126055137775304e-30 1.610262027560939302e+01 1.843372605940387283e+21
2.481126055137775304e-30 2.043359717856941771e+01 1.841807230597019992e+21
2.481126055137775304e-30 2.592943797404667094e+01 1.917129347360906543e+21
2.481126055137775304e-30 3.290344562312667875e+01 2.054657656084325990e+21
2.481126055137775304e-30 4.175318936560400118e+01 2.231544647144800256e+21
2.481126055137775304e-30 5.298316906283707084e+01 2.415450857987527148e+21
2.481126055137775304e-30 6.723357536499334230e+01 2.560425995667569639e+21
2.481126055137775304e-30 8.531678524172805567e+01 2.625777604055191781e+21
2.481126055137775304e-30 1.082636733874054045e+02 2.605278879195854799e+21
2.481126055137775304e-30 1.373823795883263870e+02 2.530501010675129123e+21
2.481126055137775304e-30 1.743328822199987371e+02 2.449801752669353673e+21
2.481126055137775304e-30 2.212216291070450325e+02 2.397617719244758188e+21
2.481126055137775304e-30 2.807216203941175650e+02 2.378589078763640193e+21
2.481126055137775304e-30 3.562247890262444230e+02 2.375675710561222918e+21
2.481126055137775304e-30 4.520353656360240393e+02 2.367507226954336567e+21
2.481126055137775304e-30 5.736152510448681596e+02 2.345278332079395045e+21
2.481126055137775304e-30 7.278953843983146044e+02 2.322498192697479660e+21
2.481126055137775304e-30 9.236708571873865594e+02 2.328503206216108343e+21
2.481126055137775304e-30 1.172102297533480623e+03 2.393409227896576803e+21
2.481126055137775304e-30 1.487352107293511835e+03 2.539715243334853722e+21
2.481126055137775304e-30 1.887391822135097755e+03 2.781657780562477711e+21
2.481126055137775304e-30 2.395026619987485901e+03 3.131121324436099170e+21
2.481126055137775304e-30 3.039195382313198024e+03 3.620201207262399693e+21
2.481126055137775304e-30 3.856620421163472201e+03 4.343858408645028479e+21
2.481126055137775304e-30 4.893900918477494088e+03 5.497886685249307410e+21
2.481126055137775304e-30 6.210169418915616006e+03 7.461841663031235314e+21
2.481126055137775304e-30 7.880462815669912743e+03 1.082266292488035841e+22
2.481126055137775304e-30 1.000000000000000000e+04 1.671880273187191967e+22
3.007882518043108256e-30 1.000000000000000000e+01 1.472828076958275076e+21
3.007882518043108256e-30 1.268961003167922108e+01 1.355592448517376836e+21
3.007882518043108256e-30 1.610262027560939302e+01 1.296148091489461207e+21
3.007882518043108256e-30 2.043359717856941771e+01 1.295017286787355902e+21
3.007882518043108256e-30 2.592943797404667094e+01 1.349488612074546266e+21
3.007882518043108256e-30 3.290344562312667875e+01 1.448899516870812500e+21
3.007882518043108256e-30 4.175318936560400118e+01 1.576773590626828288e+21
3.007882518043108256e-30 5.298316906283707084e+01 1.709847999794136482e+21
3.007882518043108256e-30 6.723357536499334230e+01 1.814793335021559087e+21
3.007882518043108256e-30 8.531678524172805567e+01 1.862110875814960038e+21
3.007882518043108256e-30 1.082636733874054045e+02 1.847268201964681560e+21
3.007882518043108256e-30 1.373823795883263870e+02 1.793128235895369499e+21
3.007882518043108256e-30 1.743328822199987371e+02 1.734710852005050450e+21
3.007882518043108256e-30 2.212216291070450325e+02 1.696941247078226461e+21
3.007882518043108256e-30 2.807216203941175650e+02 1.683169859089078682e+21
3.007882518043108256e-30 3.562247890262444230e+02 1.681061455657409184e+21
3.007882518043108256e-30 4.520353656360240393e+02 1.675150007940783014e+21
3.007882518043108256e-30 5.736152510448681596e+02 1.659063794270120706e+21
3.007882518043108256e-30 7.278953843983146044e+02 1.642579608912322363e+21
3.007882518043108256e-30 9.236708571873865594e+02 1.646924867647015223e+21
3.007882518043108256e-30 1.172102297533480623e+03 1.693895427395423568e+21
3.007882518043108256e-30 1.487352107293511835e+03 1.799799117427459490e+21
3.007882518043108256e-30 1.887391822135097755e+03 1.974999176121884082e+21
3.007882518043108256e-30 2.395026619987485901e+03 2.228188944470416294e+21
3.007882518043108256e-30 3.039195382313198024e+03 2.582769203198065902e+21
3.007882518043108256e-30 3.856620421163472201e+03 3.108054882908739994e+21
3.007882518043108256e-30 4.893900918477494088e+03 3.948594929059189752e+21
3.007882518043108256e-30 6.210169418915616006e+03 5.369302633509528011e+21
3.007882518043108256e-30 7.880462815669912743e+03 7.807945808951700881e+21
3.007882518043108256e-30 1.000000000000000000e+04 1.208776832867925754e+22
3.646472223212760258e-30 1.000000000000000000e+01 1.035001581777579147e+21
3.646472223212760258e-30 1.268961003167922108e+01 9.503612667271706051e+20
3.646472223212760258e-30 1.610262027560939302e+01 9.074714067921229578e+20
3.646472223212760258e-30 2.043359717856941771e+01 9.066557163949327647e+20
3.646472223212760258e-30 2.592943797404667094e+01 9.459563840007738491e+20
3.646472223212760258e-30 3.290344562312667875e+01 1.017720685077036138e+21
3.646472223212760258e-30 4.175318936560400118e+01 1.110138791097926812e+21
3.646472223212760258e-30 5.298316906283707084e+01 1.206338329618228183e+21
3.646472223212760258e-30 6.723357536499334230e+01 1.282194782174032167e+21
3.646472223212760258e-30 8.531678524172805567e+01 1.316426610413351207e+21
3.646472223212760258e-30 1.082636733874054045e+02 1.305688093977285231e+21
3.646472223212760258e-30 1.373823795883263870e+02 1.266569226805770977e+21
3.646472223212760258e-30 1.743328822199987371e+02 1.224317758131720946e+21
3.646472223212760258e-30 2.212216291070450325e+02 1.197005542734398226e+21
3.646472223212760258e-30 2.807216203941175650e+02 1.187048104196979556e+21
3.646472223212760258e-30 3.562247890262444230e+02 1.185523669318669435e+21
3.646472223212760258e-30 4.520353656360240393e+02 1.181249600804558471e+21
3.646472223212760258e-30 5.736152510448681596e+02 1.169619578780459467e+21
3.646472223212760258e-30 7.278953843983146044e+02 1.157702698669411926e+21
3.646472223212760258e-30 9.236708571873865594e+02 1.160843921097465004e+21
3.646472223212760258e-30 1.172102297533480623e+03 1.194803204528489890e+21
3.646472223212760258e-30 1.487352107293511835e+03 1.271394769261956956e+21
3.646472223212760258e-30 1.887391822135097755e+03 1.398116918541197246e+21
3.646472223212760258e-30 2.395026619987485901e+03 1.581426922910528307e+21
3.646472223212760258e-30 3.039195382313198024e+03 1.838315481843787891e+21
3.646472223212760258e-30 3.856620421163472201e+03 2.219212220365960643e+21
3.646472223212760258e-30 4.893900918477494088e+03 2.829942629178655900e+21
3.646472223212760258e-30 6.210169418915616006e+03 3.849743951715931521e+21
3.646472223212760258e-30 7.880462815669912743e+03 5.629130190410275095e+21
3.646472223212760258e-30 1.000000000000000000e+04 8.734565153998977892e+21
4.420637972028548177e-30 1.000000000000000000e+01 7.241561485413271470e+20
4.420637972028548177e-30 1.268961003167922108e+01 6.631466945927095255e+20
4.420637972028548177e-30 1.610262027560939302e+01 6.303699196800718602e+20
4.420637972028548177e-30 2.043359717856941771e+01 6.297924067448240210e+20
4.420637972028548177e-30 2.592943797404667094e+01 6.599733435709204726e+20
4.420637972028548177e-30 3.290344562312667875e+01 7.116951196901446779e+20
4.420637972028548177e-30 4.175318936560400118e+01 7.783621350849892844e+20
4.420637972028548177e-30 5.298316906283707084e+01 8.478159195641190810e+20
4.420637972028548177e-30 6.723357536499334230e+01 9.026512632205802209e+20
4.420637972028548177e-30 8.531678524172805567e+01 9.273910067014555402e+20
4.420637972028548177e-30 1.082636733874054045e+02 9.196296031413002568e+20
4.420637972028548177e-30 1.373823795883263870e+02 8.913267268707483648e+20
4.420637972028548177e-30 1.743328822199987371e+02 8.608022674138854851e+20
4.420637972028548177e-30 2.212216291070450325e+02 8.410755656167597015e+20
4.420637972028548177e-30 2.807216203941175650e+02 8.338845920879758541e+20
4.420637972028548177e-30 3.562247890262444230e+02 8.327837373039449211e+20
4.420637972028548177e-30 4.520353656360240393e+02 8.296973317710744125e+20
4.420637972028548177e-30 5.736152510448681596e+02 8.212995369389305364e+20
4.420637972028548177e-30 7.278953843983146044e+02 8.126954097440273203e+20
4.420637972028548177e-30 9.236708571873865594e+02 8.149633288499760988e+20
4.420637972028548177e-30 1.172102297533480623e+03 8.394850543454930862e+20
4.420637972028548177e-30 1.487352107293511835e+03 8.948135608631542415e+20
4.420637972028548177e-30 1.887391822135097755e+03 9.864492173945620398e+20
4.420637972028548177e-30 2.395026619987485901e+03 1.119018201109264990e+21
4.420637972028548177e-30 3.039195382313198024e+03 1.304999064445774725e+21
4.420637972028548177e-30 3.856620421163472201e+03 1.580992344591931015e+21
4.420637972028548177e-30 4.893900918477494088e+03 2.024108330949539267e+21
4.420637972028548177e-30 6.210169418915616006e+03 2.767268433760372654e+21
4.420637972028548177e-30 7.880462815669912743e+03 4.054452892768389300e+21
4.420637972028548177e-30 1.000000000000000000e+04 6.307875390914225504e+21
5.359163290848536696e-30 1.000000000000000000e+01 5.028054075962825769e+20
5.359163290848536696e-30 1.268961003167922108e+01 4.594700534237472358e+20
5.359163290848536696e-30 1.610262027560939302e+01 4.374740650693993431e+20
5.359163290848536696e-30 2.043359717856941771e+01 4.370555990144501678e+20
5.359163290848536696e-30 2.592943797404667094e+01 4.572118557482359849e+20
5.359163290848536696e-30 3.290344562312667875e+01 4.939680941076177879e+20
5.359163290848536696e-30 4.175318936560400118e+01 5.431922403982734787e+20
5.359163290848536696e-30 5.298316906283707084e+01 5.932560981785207112e+20
5.359163290848536696e-30 6.723357536499334230e+01 6.328148943668976026e+20
5.359163290848536696e-30 8.531678524172805567e+01 6.506705155090274058e+20
5.359163290848536696e-30 1.082636733874054045e+02 6.450683040428893143e+20
5.359163290848536696e-30 1.373823795883263870e+02 6.246430890414845460e+20
5.359163290848536696e-30 1.743328822199987371e+02 6.026221223695944253e+20
5.359163290848536696e-30 2.212216291070450325e+02 5.883953888027153531e+20
5.359163290848536696e-30 2.807216203941175650e+02 5.832101966977956577e+20
5.359163290848536696e-30 3.562247890262444230e+02 5.824164477275206451e+20
5.359163290848536696e-30 4.520353656360240393e+02 5.801911205645023314e+20
5.359163290848536696e-30 5.736152510448681596e+02 5.741367066280734228e+20
5.359163290848536696e-30 7.278953843983146044e+02 5.679342707782907331e+20
5.359163290848536696e-30 9.236708571873865594e+02 5.695690665593212764e+20
5.359163290848536696e-30 1.172102297533480623e+03 5.872484769695753175e+20
5.359163290848536696e-30 1.487352107293511835e+03 6.271591322318889288e+20
5.359163290848536696e-30 1.887391822135097755e+03 6.933132349512675492e+20
5.359163290848536696e-30 2.395026619987485901e+03 7.891403239974027919e+20
5.359163290848536696e-30 3.039195382313198024e+03 9.236423633652623606e+20
5.359163290848536696e-30 3.856620421163472201e+03 1.123484631907617735e+21
5.359163290848536696e-30 4.893900918477494088e+03 1.444697191137613185e+21
5.359163290848536696e-30 6.210169418915616006e+03 1.984840842595265413e+21
5.359163290848536696e-30 7.880462815669912743e+03 2.917366645690888880e+21
5.359163290848536696e-30 1.000000000000000000e+04 4.552465330050075460e+21
6.496942604146098820e-30 1.000000000000000000e+01 3.485946642643522683e+20
6.496942604146098820e-30 1.268961003167922108e+01 3.172893755500227461e+20
6.496942604146098820e-30 1.610262027560939302e+01 3.014457880773642813e+20
6.496942604146098820e-30 2.043359717856941771e+01 3.011446681617248420e+20
6.496942604146098820e-30 2.592943797404667094e+01 3.156613979137333658e+20
6.496942604146098820e-30 3.290344562312667875e+01 3.422006557270283387e+20
6.496942604146098820e-30 4.175318936560400118e+01 3.763957932047790899e+20
6.496942604146098820e-30 5.298316906283707084e+01 4.119499712044280054e+20
6.496942604146098820e-30 6.723357536499334230e+01 4.415646415076574495e+20
6.496942604146098820e-30 8.531678524172805567e+01 4.544300521388411453e+20
6.496942604146098820e-30 1.082636733874054045e+02 4.503930573366523331e+20
6.496942604146098820e-30 1.373823795883263870e+02 4.341600922423027958e+20
6.496942604146098820e-30 1.743328822199987371e+02 4.185848788332878889e+20
6.496942604146098820e-30 2.212216291070450325e+02 4.085043359781508874e+20
6.496942604146098820e-30 2.807216203941175650e+02 4.048270356671658721e+20
6.496942604146098820e-30 3.562247890262444230e+02 4.042639682645941289e+20
6.496942604146098820e-30 4.520353656360240393e+02 4.026851685734953779e+20
6.496942604146098820e-30 5.736152510448681596e+02 3.983882668727308780e+20
6.496942604146098820e-30 7.278953843983146044e+02 3.939841380744874557e+20
6.496942604146098820e-30 9.236708571873865594e+02 3.951451560444500378e+20
6.496942604146098820e-30 1.172102297533480623e+03 4.076910989992385577e+20
6.496942604146098820e-30 1.487352107293511835e+03 4.359373477016181801e+20
6.496942604146098820e-30 1.887391822135097755e+03 4.851717538552121917e+20
6.496942604146098820e-30 2.395026619987485901e+03 5.543261599557470781e+20
6.496942604146098820e-30 3.039195382313198024e+03 6.515397194866842665e+20
6.496942604146098820e-30 3.856620421163472201e+03 7.961009557174534799e+20
6.496942604146098820e-30 4.893900918477494088e+03 1.028780668943138947e+21
6.496942604146098820e-30 6.210169418915616006e+03 1.420749292684389384e+21
6.496942604146098820e-30 7.880462815669912743e+03 2.091766344058549305e+21
6.496942604146098820e-30 1.000000000000000000e+04 3.283196887381908652e+21
7.876278611187030939e-30 1.000000000000000000e+01 2.399491464815236219e+20
7.876278611187030939e-30 1.268961003167922108e+01 2.174806208769788150e+20
7.876278611187030939e-30 1.610262027560939302e+01 2.061380778448444457e+20
7.876278611187030939e-30 2.043359717856941771e+01 2.059226943134265836e+20
7.876278611187030939e-30 2.592943797404667094e+01 2.163142479031654810e+20
7.876278611187030939e-30 3.290344562312667875e+01 2.353539077806443069e+20
7.876278611187030939e-30 4.175318936560400118e+01 2.599659823694358118e+20
7.876278611187030939e-30 5.298316906283707084e+01 2.856537440729059164e+20
7.876278611187030939e-30 6.723357536499334230e+01 3.059419798594063565e+20
7.876278611187030939e-30 8.531678524172805567e+01 3.150915993710268908e+20
7.876278611187030939e-30 1.082636733874054045e+02 3.122215915971842540e+20
7.876278611187030939e-30 1.373823795883263870e+02 3.017525531336150221e+20
7.876278611187030939e-30 1.743328822199987371e+02 2.904586776336442655e+20
7.876278611187030939e-30 2.212216291070450325e+02 2.831598413306112901e+20
7.876278611187030939e-30 2.807216203941175650e+02 2.804993275354523238e+20
7.876278611187030939e-30 3.562247890262444230e+02 2.800920470162599444e+20
7.876278611187030939e-30 4.520353656360240393e+02 2.789501990291702743e+20
7.876278611187030939e-30 5.736152510448681596e+02 2.758435343214069023e+20
7.876278611187030939e-30 7.278953843983146044e+02 2.726608835029173207e+20
7.876278611187030939e-30 9.236708571873865594e+02 2.734997440083592151e+20
7.876278611187030939e-30 1.172102297533480623e+03 2.825713727220065239e+20
7.876278611187030939e-30 1.487352107293511835e+03 3.030426125481381069e+20
7.876278611187030939e-30 1.887391822135097755e+03 3.369111231296927171e+20
7.876278611187030939e-30 2.395026619987485901e+03 3.876630551406970798e+20
7.876278611187030939e-30 3.039195382313198024e+03 4.578134080301609779e+20
7.876278611187030939e-30 3.856620421163472201e+03 5.623172220303914435e+20
7.876278611187030939e-30 4.893900918477494088e+03 7.307212487198437540e+20
7.876278611187030939e-30 6.210169418915616006e+03 1.014882961649827971e+21
7.876278611187030939e-30 7.880462815669912743e+03 1.503502201696687751e+21
7.876278611187030939e-30 1.000000000000000000e+04 2.366082747745307722e+21
9.548455102782264490e-30 1.000000000000000000e+01 1.638967067826191401e+20
9.548455102782264490e-30 1.268961003167922108e+01 1.478637366206838538e+20
9.548455102782264490e-30 1.610262027560939302e+01 1.397895920554495508e+20
9.548455102782264490e-30 2.043359717856941771e+01 1.396364060796155003e+20
9.548455102782264490e-30 2.592943797404667094e+01 1.470328374574682276e+20
9.548455102782264490e-30 3.290344562312667875e+01 1.606135929394683576e+20
9.548455102782264490e-30 4.175318936560400118e+01 1.782216361973069251e+20
9.548455102782264490e-30 5.298316906283707084e+01 1.966604583613390193e+20
9.548455102782264490e-30 6.723357536499334230e+01 2.112674860486448906e+20
9.548455102782264490e-30 8.531678524172805567e+01 2.178678544006604718e+20
9.548455102782264490e-30 1.082636733874054045e+02 2.157966137951369953e+20
9.548455102782264490e-30 1.373823795883263870e+02 2.082479598051213312e+20
9.548455102782264490e-30 1.743328822199987371e+02 2.001163212489124413e+20
9.548455102782264490e-30 2.212216291070450325e+02 1.948676019735789896e+20
9.548455102782264490e-30 2.807216203941175650e+02 1.929556154107357757e+20
9.548455102782264490e-30 3.562247890262444230e+02 1.926629807922102927e+20
9.548455102782264490e-30 4.520353656360240393e+02 1.918426362261346386e+20
9.548455102782264490e-30 5.736152510448681596e+02 1.896113174742182789e+20
9.548455102782264490e-30 7.278953843983146044e+02 1.873263638966471885e+20
9.548455102782264490e-30 9.236708571873865594e+02 1.879285231529490514e+20
9.548455102782264490e-30 1.172102297533480623e+03 1.944446397669452022e+20
9.548455102782264490e-30 1.487352107293511835e+03 2.091776146238734008e+20
9.548455102782264490e-30 1.887391822135097755e+03 2.336410646458791690e+20
9.548455102782264490e-30 2.395026619987485901e+03 2.690771067328727941e+20
9.548455102782264490e-30 3.039195382313198024e+03 3.202821294386136351e+20
9.548455102782264490e-30 3.856620421163472201e+03 3.957167573208088576e+20
9.548455102782264490e-30 4.893900918477494088e+03 5.175071509369975603e+20
9.548455102782264490e-30 6.210169418915616006e+03 7.233596427687434650e+20
9.548455102782264490e-30 7.880462815669912743e+03 1.078332843157167276e+21
9.548455102782264490e-30 1.000000000000000000e+04 1.703429748360114602e+21
1.157564369553301191e-29 1.000000000000000000e+01 1.110026640110903624e+20
1.157564369553301191e-29 1.268961003167922108e+01 9.962739563185951539e+19
1.157564369553301191e-29 1.610262027560939302e+01 9.391360979061006336e+19
1.157564369553301191e-29 2.043359717856941771e+01 9.380530880560185344e+19
1.157564369553301191e-29 2.592943797404667094e+01 9.903892147587471770e+19
1.157564369553301191e-29 3.290344562312667875e+01 1.086703219677730734e+20
1.157564369553301191e-29 4.175318936560400118e+01 1.211960708166053233e+20
1.157564369553301191e-29 5.298316906283707084e+01 1.343549415011823780e+20
1.157564369553301191e-29 6.723357536499334230e+01 1.448080215428485448e+20
1.157564369553301191e-29 8.531678524172805567e+01 1.495395040803542467e+20
1.157564369553301191e-29 1.082636733874054045e+02 1.480541913759431393e+20
1.157564369553301191e-29 1.373823795883263870e+02 1.426451244604984689e+20
1.157564369553301191e-29 1.743328822199987371e+02 1.368257392097176617e+20
1.157564369553301191e-29 2.212216291070450325e+02 1.330736668539810775e+20
1.157564369553301191e-29 2.807216203941175650e+02 1.317076768609480704e+20
1.157564369553301191e-29 3.562247890262444230e+02 1.314986470084537713e+20
1.157564369553301191e-29 4.520353656360240393e+02 1.309127269360110797e+20
1.157564369553301191e-29 5.736152510448681596e+02 1.293194468073966305e+20
1.157564369553301191e-29 7.278953843983146044e+02 1.276884924445620142e+20
1.157564369553301191e-29 9.236708571873865594e+02 1.281182400985966019e+20
1.157564369553301191e-29 1.172102297533480623e+03 1.327714503137887191e+20
1.157564369553301191e-29 1.487352107293511835e+03 1.433109440178243338e+20
1.157564369553301191e-29 1.887391822135097755e+03 1.608669092164869161e+20
1.157564369553301191e-29 2.395026619987485901e+03 1.864206512295061094e+20
1.157564369553301191e-29 3.039195382313198024e+03 2.223653935638364488e+20
1.157564369553301191e-29 3.856620421163472201e+03 2.773153023965882614e+20
1.157564369553301191e-29 4.893900918477494088e+03 3.653096640125720986e+20
1.157564369553301191e-29 6.210169418915616006e+03 5.143098122788647731e+20
1.157564369553301191e-29 7.880462815669912743e+03 7.718263384128891126e+20
1.157564369553301191e-29 1.000000000000000000e+04 1.225065722748533211e+21
1.403321537605481932e-29 1.000000000000000000e+01 7.446701180138169958e+19
1.403321537605481932e-29 1.268961003167922108e+01 6.644668306250226074e+19
1.403321537605481932e-29 1.610262027560939302e+01 6.242995158101028045e+19
1.403321537605481932e-29 2.043359717856941771e+01 6.235390120602112819e+19
1.403321537605481932e-29 2.592943797404667094e+01 6.603260471786884301e+19
1.403321537605481932e-29 3.290344562312667875e+01 7.282016778181690982e+19
1.403321537605481932e-29 4.175318936560400118e+01 8.167764606254004634e+19
1.403321537605481932e-29 5.298316906283707084e+01 9.101480159267723674e+19
1.403321537605481932e-29 6.723357536499334230e+01 9.845281289457614848e+19
1.403321537605481932e-29 8.531678524172805567e+01 1.018252033874052874e+20
1.403321537605481932e-29 1.082636733874054045e+02 1.007661695158639329e+20
1.403321537605481932e-29 1.373823795883263870e+02 9.691233065449106637e+19
1.403321537605481932e-29 1.743328822199987371e+02 9.277131080776649933e+19
1.403321537605481932e-29 2.212216291070450325e+02 9.010432321460248576e+19
1.403321537605481932e-29 2.807216203941175650e+02 8.913395069485921075e+19
1.403321537605481932e-29 3.562247890262444230e+02 8.898548796254615962e+19
1.403321537605481932e-29 4.520353656360240393e+02 8.856938007554370765e+19
1.403321537605481932e-29 5.736152510448681596e+02 8.743816558312942797e+19
1.403321537605481932e-29 7.278953843983146044e+02 8.628066074184166605e+19
1.403321537605481932e-29 9.236708571873865594e+02 8.658561158463565005e+19
1.403321537605481932e-29 1.172102297533480623e+03 8.988960728369727078e+19
1.403321537605481932e-29 1.487352107293511835e+03 9.738648234054311936e+19
1.403321537605481932e-29 1.887391822135097755e+03 1.099125456578006876e+20
1.403321537605481932e-29 2.395026619987485901e+03 1.282247853643497964e+20
1.403321537605481932e-29 3.039195382313198024e+03 1.541406438114873836e+20
1.403321537605481932e-29 3.856620421163472201e+03 1.927474262526569021e+20
1.403321537605481932e-29 4.893900918477494088e+03 2.568968997472584663e+20
1.403321537605481932e-29 6.210169418915616006e+03 3.646616330797263749e+20
1.403321537605481932e-29 7.880462815669912743e+03 5.513049585650044109e+20
1.403321537605481932e-29 1.000000000000000000e+04 8.785206912107161846e+20
1.701254279852585763e-29 1.000000000000000000e+01 4.942223019656667955e+19
1.701254279852585763e-29 1.268961003167922108e+01 4.380818001503642419e+19
1.701254279852585763e-29 1.610262027560939302e+01 4.100636320152146739e+19
1.701254279852585763e-29 2.043359717856941771e+01 4.095338490504163328e+19
1.701254279852585763e-29 2.592943797404667094e+01 4.351902412739633152e+19
1.701254279852585763e-29 3.290344562312667875e+01 4.826750873715498189e+19
1.701254279852585763e-29 4.175318936560400118e+01 5.448890690482777293e+19
1.701254279852585763e-29 5.298316906283707084e+01 6.107307856760027546e+19
1.701254279852585763e-29 6.723357536499334230e+01 6.633442116020609024e+19
1.701254279852585763e-29 8.531678524172805567e+01 6.872423165677057638e+19
1.701254279852585763e-29 1.082636733874054045e+02 6.797348013390231142e+19
1.701254279852585763e-29 1.373823795883263870e+02 6.524363386295254221e+19
1.701254279852585763e-29 1.743328822199987371e+02 6.231431119056697754e+19
1.701254279852585763e-29 2.212216291070450325e+02 6.042999708412079309e+19
1.701254279852585763e-29 2.807216203941175650e+02 5.974485144184788582e+19
1.701254279852585763e-29 3.562247890262444230e+02 5.964004922819352986e+19
1.701254279852585763e-29 4.520353656360240393e+02 5.934634348434334515e+19
1.701254279852585763e-29 5.736152510448681596e+02 5.854812321482000794e+19
1.701254279852585763e-29 7.278953843983146044e+02 5.773171524507676672e+19
1.701254279852585763e-29 9.236708571873865594e+02 5.794676615390204723e+19
1.701254279852585763e-29 1.172102297533480623e+03 6.027837233254848102e+19
1.701254279852585763e-29 1.487352107293511835e+03 6.557932145454152090e+19
1.701254279852585763e-29 1.887391822135097755e+03 7.446540064145308058e+19
1.701254279852585763e-29 2.395026619987485901e+03 8.751322111931714765e+19
1.701254279852585763e-29 3.039195382313198024e+03 1.060818178868896727e+20
1.701254279852585763e-29 3.856620421163472201e+03 1.339617645847582474e+20
1.701254279852585763e-29 4.893900918477494088e+03 1.798875433831505920e+20
1.701254279852585763e-29 6.210169418915616006e+03 2.577434662369755464e+20
1.701254279852585763e-29 7.880462815669912743e+03 3.929175574353114563e+20
1.701254279852585763e-29 1.000000000000000000e+04 6.307924643515557478e+20
2.062439752514088408e-29 1.000000000000000000e+01 3.240251283121661952e+19
2.062439752514088408e-29 1.268961003167922108e+01 2.850646145292902810e+19
2.062439752514088408e-29 1.610262027560939302e+01 2.657015106879379456e+19
2.062439752514088408e-29 2.043359717856941771e+01 2.653359564312672256e+19
2.062439752514088408e-29 2.592943797404667094e+01 2.830636283888854630e+19
2.062439752514088408e-29 3.290344562312667875e+01 3.159952526039753933e+19
2.062439752514088408e-29 4.175318936560400118e+01 3.593480189299240141e+19
2.062439752514088408e-29 5.298316906283707084e+01 4.054429733736592998e+19
2.062439752514088408e-29 6.723357536499334230e+01 4.424114547694907392e+19
2.062439752514088408e-29 8.531678524172805567e+01 4.592383711923956941e+19
2.062439752514088408e-29 1.082636733874054045e+02 4.539500104979082445e+19
2.062439752514088408e-29 1.373823795883263870e+02 4.347380562722678374e+19
2.062439752514088408e-29 1.743328822199987371e+02 4.141542372192079053e+19
2.062439752514088408e-29 2.212216291070450325e+02 4.009321879109722112e+19
2.062439752514088408e-29 2.807216203941175650e+02 3.961283188246170010e+19
2.062439752514088408e-29 3.562247890262444230e+02 3.953936838945766605e+19
2.062439752514088408e-29 4.520353656360240393e+02 3.933351454205526835e+19
2.062439752514088408e-29 5.736152510448681596e+02 3.877424885514324378e+19
2.062439752514088408e-29 7.278953843983146044e+02 3.820253954855760691e+19
2.062439752514088408e-29 9.236708571873865594e+02 3.835310433591844864e+19
2.062439752514088408e-29 1.172102297533480623e+03 3.998689013614383104e+19
2.062439752514088408e-29 1.487352107293511835e+03 4.370991113326297088e+19
2.062439752514088408e-29 1.887391822135097755e+03 4.997437561138607718e+19
2.062439752514088408e-29 2.395026619987485901e+03 5.921719191226571981e+19
2.062439752514088408e-29 3.039195382313198024e+03 7.244537267465622323e+19
2.062439752514088408e-29 3.856620421163472201e+03 9.244885273089556480e+19
2.062439752514088408e-29 4.893900918477494088e+03 1.249697745643410555e+20
2.062439752514088408e-29 6.210169418915616006e+03 1.815296825554421350e+20
2.062439752514088408e-29 7.880462815669912743e+03 2.793441966166064169e+20
2.062439752514088408e-29 1.000000000000000000e+04 4.519778539628161270e+20
2.500306851906321298e-29 1.000000000000000000e+01 2.095125194813040640e+19
2.500306851906321298e-29 1.268961003167922108e+01 1.827508350072212070e+19
2.500306851906321298e-29 1.610262027560939302e+01 1.695165942069717197e+19
2.500306851906321298e-29 2.043359717856941771e+01 1.692672130042093568e+19
2.500306851906321298e-29 2.592943797404667094e+01 1.813810387903687885e+19
2.500306851906321298e-29 3.290344562312667875e+01 2.039834609266819482e+19
2.500306851906321298e-29 4.175318936560400118e+01 2.339083352957759488e+19
2.500306851906321298e-29 5.298316906283707084e+01 2.659035872535364813e+19
2.500306851906321298e-29 6.723357536499334230e+01 2.916756658411589222e+19
2.500306851906321298e-29 8.531678524172805567e+01 3.034353927284241203e+19
2.500306851906321298e-29 1.082636733874054045e+02 2.997376972249493504e+19
2.500306851906321298e-29 1.373823795883263870e+02 2.863187668979841843e+19
2.500306851906321298e-29 1.743328822199987371e+02 2.719681084618429235e+19
2.500306851906321298e-29 2.212216291070450325e+02 2.627654023759418573e+19
2.500306851906321298e-29 2.807216203941175650e+02 2.594249487396831642e+19
2.500306851906321298e-29 3.562247890262444230e+02 2.589142578747627110e+19
2.500306851906321298e-29 4.520353656360240393e+02 2.574834529632716800e+19
2.500306851906321298e-29 5.736152510448681596e+02 2.535978417927632077e+19
2.500306851906321298e-29 7.278953843983146044e+02 2.496282569758015078e+19
2.500306851906321298e-29 9.236708571873865594e+02 2.506734361155520512e+19
2.500306851906321298e-29 1.172102297533480623e+03 2.620258815924175258e+19
2.500306851906321298e-29 1.487352107293511835e+03 2.879666963562932634e+19
2.500306851906321298e-29 1.887391822135097755e+03 3.318102025219932570e+19
2.500306851906321298e-29 2.395026619987485901e+03 3.968622789536115917e+19
2.500306851906321298e-29 3.039195382313198024e+03 4.905500439226981581e+19
2.500306851906321298e-29 3.856620421163472201e+03 6.332393025252013670e+19
2.500306851906321298e-29 4.893900918477494088e+03 8.674804684277093171e+19
2.500306851906321298e-29 6.210169418915616006e+03 1.273283271048583905e+20
2.500306851906321298e-29 7.880462815669912743e+03 1.980470163908920279e+20
2.500306851906321298e-29 1.000000000000000000e+04 3.231975135282999460e+20
3.031135501567576220e-29 1.000000000000000000e+01 1.333496660439775846e+19
3.031135501567576220e-29 1.268961003167922108e+01 1.151907154782842880e+19
3.031135501567576220e-29 1.610262027560939302e+01 1.062637715903666995e+19
3.031135501567576220e-29 2.043359717856941771e+01 1.060959284174593843e+19
3.031135501567576220e-29 2.592943797404667094e+01 1.142650031432508826e+19
3.031135501567576220e-29 3.290344562312667875e+01 1.295871342055412736e+19
3.031135501567576220e-29 4.175318936560400118e+01 1.500111624178894643e+19
3.031135501567576220e-29 5.298316906283707084e+01 1.719936529231582413e+19
3.031135501567576220e-29 6.723357536499334230e+01 1.897925352617684582e+19
3.031135501567576220e-29 8.531678524172805567e+01 1.979381590761275392e+19
3.031135501567576220e-29 1.082636733874054045e+02 1.953753406606162330e+19
3.031135501567576220e-29 1.373823795883263870e+02 1.860867388176595763e+19
3.031135501567576220e-29 1.743328822199987371e+02 1.761750399565523558e+19
3.031135501567576220e-29 2.212216291070450325e+02 1.698316509141802189e+19
3.031135501567576220e-29 2.807216203941175650e+02 1.675316412449255629e+19
3.031135501567576220e-29 3.562247890262444230e+02 1.671801377427618816e+19
3.031135501567576220e-29 4.520353656360240393e+02 1.661955050557284557e+19
3.031135501567576220e-29 5.736152510448681596e+02 1.635228810968428134e+19
3.031135501567576220e-29 7.278953843983146044e+02 1.607945344327857357e+19
3.031135501567576220e-29 9.236708571873865594e+02 1.615126970502968934e+19
3.031135501567576220e-29 1.172102297533480623e+03 1.693223469442177843e+19
3.031135501567576220e-29 1.487352107293511835e+03 1.872264455452244787e+19
3.031135501567576220e-29 1.887391822135097755e+03 2.176481706567145882e+19
3.031135501567576220e-29 2.395026619987485901e+03 2.630880852232408269e+19
3.031135501567576220e-29 3.039195382313198024e+03 3.290120917597969203e+19
3.031135501567576220e-29 3.856620421163472201e+03 4.302086015756094669e+19
3.031135501567576220e-29 4.893900918477494088e+03 5.978871241505410253e+19
3.031135501567576220e-29 6.210169418915616006e+03 8.889831657221826150e+19
3.031135501567576220e-29 7.880462815669912743e+03 1.399665656394979574e+20
3.031135501567576220e-29 1.000000000000000000e+04 2.306206285267539067e+20
3.674661940736687836e-29 1.000000000000000000e+01 8.336558744864199680e+18
3.674661940736687836e-29 1.268961003167922108e+01 7.122134355234428928e+18
3.674661940736687836e-29 1.610262027560939302e+01 6.529294116892826624e+18
3.674661940736687836e-29 2.043359717856941771e+01 6.518176795135597568e+18
3.674661940736687836e-29 2.592943797404667094e+01 7.060521009190943744e+18
3.674661940736687836e-29 3.290344562312667875e+01 8.084071560326671360e+18
3.674661940736687836e-29 4.175318936560400118e+01 9.459445005801140224e+18
3.674661940736687836e-29 5.298316906283707084e+01 1.095147940919040819e+19
3.674661940736687836e-29 6.723357536499334230e+01 1.216703508639995085e+19
3.674661940736687836e-29 8.531678524172805567e+01 1.272529545972281139e+19
3.674661940736687836e-29 1.082636733874054045e+02 1.254952741712790323e+19
3.674661940736687836e-29 1.373823795883263870e+02 1.191344869275123098e+19
3.674661940736687836e-29 1.743328822199987371e+02 1.123647975693644800e+19
3.674661940736687836e-29 2.212216291070450325e+02 1.080425911494301082e+19
3.674661940736687836e-29 2.807216203941175650e+02 1.064775001071517082e+19
3.674661940736687836e-29 3.562247890262444230e+02 1.062384120556154675e+19
3.674661940736687836e-29 4.520353656360240393e+02 1.055688205455220326e+19
3.674661940736687836e-29 5.736152510448681596e+02 1.037523960982015386e+19
3.674661940736687836e-29 7.278953843983146044e+02 1.018997456076792832e+19
3.674661940736687836e-29 9.236708571873865594e+02 1.023872416966983475e+19
3.674661940736687836e-29 1.172102297533480623e+03 1.076959269672592179e+19
3.674661940736687836e-29 1.487352107293511835e+03 1.199141368646174310e+19
3.674661940736687836e-29 1.887391822135097755e+03 1.408068548281342771e+19
3.674661940736687836e-29 2.395026619987485901e+03 1.722633594019616563e+19
3.674661940736687836e-29 3.039195382313198024e+03 2.183004782322012160e+19
3.674661940736687836e-29 3.856620421163472201e+03 2.896182861222672384e+19
3.674661940736687836e-29 4.893900918477494088e+03 4.089586151923726746e+19
3.674661940736687836e-29 6.210169418915616006e+03 6.162405598835092685e+19
3.674661940736687836e-29 7.880462815669912743e+03 9.856824919097021235e+19
3.674661940736687836e-29 1.000000000000000000e+04 1.641793862683874427e+20
4.454812518844988459e-29 1.000000000000000000e+01 5.106559296470770688e+18
4.454812518844988459e-29 1.268961003167922108e+01 4.277386099636486144e+18
4.454812518844988459e-29 1.610262027560939302e+01 3.898450422692333568e+18
4.454812518844988459e-29 2.043359717856941771e+01 3.891353148262547968e+18
4.454812518844988459e-29 2.592943797404667094e+01 4.237966394229310976e+18
4.454812518844988459e-29 3.290344562312667875e+01 4.893543342257125376e+18
4.454812518844988459e-29 4.175318936560400118e+01 5.851504029670665216e+18
4.454812518844988459e-29 5.298316906283707084e+01 6.849683745693957120e+18
4.454812518844988459e-29 6.723357536499334230e+01 7.668863597229888512e+18
4.454812518844988459e-29 8.531678524172805567e+01 8.046659298071309312e+18
4.454812518844988459e-29 1.082636733874054045e+02 7.927609724391762944e+18
4.454812518844988459e-29 1.373823795883263870e+02 7.497565946897651712e+18
4.454812518844988459e-29 1.743328822199987371e+02 7.041300313321608192e+18
4.454812518844988459e-29 2.212216291070450325e+02 6.750813810616224768e+18
4.454812518844988459e-29 2.807216203941175650e+02 6.645792181066946560e+18
4.454812518844988459e-29 3.562247890262444230e+02 6.629756710672593920e+18
4.454812518844988459e-29 4.520353656360240393e+02 6.584859002337969152e+18
4.454812518844988459e-29 5.736152510448681596e+02 6.463148467546221568e+18
4.454812518844988459e-29 7.278953843983146044e+02 6.339140993993024512e+18
4.454812518844988459e-29 9.236708571873865594e+02 6.371758678402595840e+18
4.454812518844988459e-29 1.172102297533480623e+03 6.727544013275286528e+18
4.454812518844988459e-29 1.487352107293511835e+03 7.550211177836761088e+18
4.454812518844988459e-29 1.887391822135097755e+03 8.967590060144532480e+18
4.454812518844988459e-29 2.395026619987485901e+03 1.112198742556802867e+19
4.454812518844988459e-29 3.039195382313198024e+03 1.430802693267164570e+19
4.454812518844988459e-29 3.856620421163472201e+03 1.929752780864243302e+19
4.454812518844988459e-29 4.893900918477494088e+03 2.774082161623130931e+19
4.454812518844988459e-29 6.210169418915616006e+03 4.258989619942019891e+19
4.454812518844988459e-29 7.880462815669912743e+03 6.912906440923536589e+19
4.454812518844988459e-29 1.000000000000000000e+04 1.165751420026366689e+20
5.400593278542373857e-29 1.000000000000000000e+01 3.039916987524854272e+18
5.400593278542373857e-29 1.268961003167922108e+01 2.532546363096113664e+18
5.400593278542373857e-29 1.610262027560939302e+01 2.288393688134489856e+18
5.400593278542373857e-29 2.043359717856941771e+01 2.283840799583032064e+18
5.400593278542373857e-29 2.592943797404667094e+01 2.507052755923899904e+18
5.400593278542373857e-29 3.290344562312667875e+01 2.933729227201348096e+18
5.400593278542373857e-29 4.175318936560400118e+01 3.515825883601789440e+18
5.400593278542373857e-29 5.298316906283707084e+01 4.198002633025491968e+18
5.400593278542373857e-29 6.723357536499334230e+01 4.741439610809787392e+18
5.400593278542373857e-29 8.531678524172805567e+01 4.993306318368153600e+18
5.400593278542373857e-29 1.082636733874054045e+02 4.913859568010189824e+18
5.400593278542373857e-29 1.373823795883263870e+02 4.627486953045432320e+18
5.400593278542373857e-29 1.743328822199987371e+02 4.324768486661026816e+18
5.400593278542373857e-29 2.212216291070450325e+02 4.132681589882831360e+18
5.400593278542373857e-29 2.807216203941175650e+02 4.024633616540784640e+18
5.400593278542373857e-29 3.562247890262444230e+02 4.014354808646951936e+18
5.400593278542373857e-29 4.520353656360240393e+02 3.985575966252567552e+18
5.400593278542373857e-29 5.736152510448681596e+02 3.907568187105506304e+18
5.400593278542373857e-29 7.278953843983146044e+02 3.828101882627957760e+18
5.400593278542373857e-29 9.236708571873865594e+02 3.849002345105145856e+18
5.400593278542373857e-29 1.172102297533480623e+03 4.117316669291844096e+18
5.400593278542373857e-29 1.487352107293511835e+03 4.662492224070217728e+18
5.400593278542373857e-29 1.887391822135097755e+03 5.610190313139136512e+18
5.400593278542373857e-29 2.395026619987485901e+03 7.066993594165667840e+18
5.400593278542373857e-29 3.039195382313198024e+03 9.248297719540346880e+18
5.400593278542373857e-29 3.856620421163472201e+03 1.270890521542818202e+19
5.400593278542373857e-29 4.893900918477494088e+03 1.864282769609086566e+19
5.400593278542373857e-29 6.210169418915616006e+03 2.921833677177876070e+19
5.400593278542373857e-29 7.880462815669912743e+03 4.825786173026190950e+19
5.400593278542373857e-29 1.000000000000000000e+04 8.252962707114210099e+19
6.547168402004742547e-29 1.000000000000000000e+01 1.776913026538043136e+18
6.547168402004742547e-29 1.268961003167922108e+01 1.455328086799523072e+18
6.547168402004742547e-29 1.610262027560939302e+01 1.302566065784315136e+18
6.547168402004742547e-29 2.043359717856941771e+01 1.299730811708018432e+18
6.547168402004742547e-29 2.592943797404667094e+01 1.439313136864172544e+18
6.547168402004742547e-29 3.290344562312667875e+01 1.709178246892439552e+18
6.547168402004742547e-29 4.175318936560400118e+01 2.083034300602527488e+18
6.547168402004742547e-29 5.298316906283707084e+01 2.500346224883580928e+18
6.547168402004742547e-29 6.723357536499334230e+01 2.847515846483793920e+18
6.547168402004742547e-29 8.531678524172805567e+01 3.008745978129912320e+18
6.547168402004742547e-29 1.082636733874054045e+02 2.957872542060453888e+18
6.547168402004742547e-29 1.373823795883263870e+02 2.774626224626757632e+18
6.547168402004742547e-29 1.743328822199987371e+02 2.581219233931088384e+18
6.547168402004742547e-29 2.212216291070450325e+02 2.458704184015201280e+18
6.547168402004742547e-29 2.807216203941175650e+02 2.414539200431196672e+18
6.547168402004742547e-29 3.562247890262444230e+02 2.407802077773921280e+18
6.547168402004742547e-29 4.520353656360240393e+02 2.388947857365901312e+18
6.547168402004742547e-29 5.736152510448681596e+02 2.337905410111043584e+18
6.547168402004742547e-29 7.278953843983146044e+02 2.286005508548534272e+18
6.547168402004742547e-29 9.236708571873865594e+02 2.299646151886293504e+18
6.547168402004742547e-29 1.172102297533480623e+03 2.448912362495708672e+18
6.547168402004742547e-29 1.487352107293511835e+03 2.797013453377749504e+18
6.547168402004742547e-29 1.887391822135097755e+03 3.439284911768953344e+18
6.547168402004742547e-29 2.395026619987485901e+03 4.409608352778645504e+18
6.547168402004742547e-29 3.039195382313198024e+03 5.884019345420526592e+18
6.547168402004742547e-29 3.856620421163472201e+03 8.259541097476007936e+18
6.547168402004742547e-29 4.893900918477494088e+03 1.239748010691919053e+19
6.547168402004742547e-29 6.210169418915616006e+03 1.988472691578179584e+19
6.547168402004742547e-29 7.880462815669912743e+03 3.344828382329470566e+19
6.547168402004742547e-29 1.000000000000000000e+04 5.823340637934719795e+19
7.937167617217558964e-29 1.000000000000000000e+01 1.006706098824857088e+18
7.937167617217558964e-29 1.268961003167922108e+01 8.090341312740189440e+17
7.937167617217558964e-29 1.610262027560939302e+01 7.164548656742664960e+17
7.937167617217558964e-29 2.043359717856941771e+01 7.147455106861800960e+17
7.937167617217558964e-29 2.592943797404667094e+01 7.992857483954227200e+17
7.937167617217558964e-29 3.290344562312667875e+01 9.647823092890992640e+17
7.937167617217558964e-29 4.175318936560400118e+01 1.197898571021960192e+18
7.937167617217558964e-29 5.298316906283707084e+01 1.462580703161497088e+18
7.937167617217558964e-29 6.723357536499334230e+01 1.685879064935172608e+18
7.937167617217558964e-29 8.531678524172805567e+01 1.790449053129481216e+18
7.937167617217558964e-29 1.082636733874054045e+02 1.757396945234515968e+18
7.937167617217558964e-29 1.373823795883263870e+02 1.638779716906785280e+18
7.937167617217558964e-29 1.743328822199987371e+02 1.514359445218770176e+18
7.937167617217558964e-29 2.212216291070450325e+02 1.435977909356423168e+18
7.937167617217558964e-29 2.807216203941175650e+02 1.407807805424860672e+18
7.937167617217558964e-29 3.562247890262444230e+02 1.403514679185985024e+18
7.937167617217558964e-29 4.520353656360240393e+02 1.391505890170129152e+18
7.937167617217558964e-29 5.736152510448681596e+02 1.359038551120385280e+18
7.937167617217558964e-29 7.278953843983146044e+02 1.326091228087890432e+18
7.937167617217558964e-29 9.236708571873865594e+02 1.334744176864395008e+18
7.937167617217558964e-29 1.172102297533480623e+03 1.429728341730984704e+18
7.937167617217558964e-29 1.487352107293511835e+03 1.653234280715662592e+18
7.937167617217558964e-29 1.887391822135097755e+03 2.048992533576610816e+18
7.937167617217558964e-29 2.395026619987485901e+03 2.669779450520719360e+18
7.937167617217558964e-29 3.039195382313198024e+03 3.676851420648045056e+18
7.937167617217558964e-29 3.856620421163472201e+03 5.287589360148749312e+18
7.937167617217558964e-29 4.893900918477494088e+03 8.146483107310718976e+18
7.937167617217558964e-29 6.210169418915616006e+03 1.341253584326661325e+19
7.937167617217558964e-29 7.880462815669912743e+03 2.311221180810350182e+19
7.937167617217558964e-29 1.000000000000000000e+04 4.093193714242921267e+19
9.622271173675154478e-29 1.000000000000000000e+01 5.508301913658001920e+17
9.622271173675154478e-29 1.268961003167922108e+01 4.333583310194859520e+17
9.622271173675154478e-29 1.610262027560939302e+01 3.792044323607338240e+17
9.622271173675154478e-29 2.043359717856941771e+01 3.782103726599912960e+17
9.622271173675154478e-29 2.592943797404667094e+01 4.276279743483583360e+17
9.622271173675154478e-29 3.290344562312667875e+01 5.257247384817908480e+17
9.622271173675154478e-29 4.175318936560400118e+01 6.664735438036395520e+17
9.622271173675154478e-29 5.298316906283707084e+01 8.292889823951630080e+17
9.622271173675154478e-29 6.723357536499334230e+01 9.687446247041620480e+17
9.622271173675154478e-29 8.531678524172805567e+01 1.034637352682557696e+18
9.622271173675154478e-29 1.082636733874054045e+02 1.013771888754545280e+18
9.622271173675154478e-29 1.373823795883263870e+02 9.391837659994087680e+17
9.622271173675154478e-29 1.743328822199987371e+02 8.614660366036344320e+17
9.622271173675154478e-29 2.212216291070450325e+02 8.127963245601351680e+17
9.622271173675154478e-29 2.807216203941175650e+02 7.953618051428117760e+17
9.622271173675154478e-29 3.562247890262444230e+02 7.927075095139906560e+17
9.622271173675154478e-29 4.520353656360240393e+02 7.852867461246693120e+17
9.622271173675154478e-29 5.736152510448681596e+02 7.652525717951088640e+17
9.622271173675154478e-29 7.278953843983146044e+02 7.449660152197788160e+17
9.622271173675154478e-29 9.236708571873865594e+02 7.502895409463569920e+17
9.622271173675154478e-29 1.172102297533480623e+03 8.089257927822287360e+17
9.622271173675154478e-29 1.487352107293511835e+03 9.482480886792163840e+17
9.622271173675154478e-29 1.887391822135097755e+03 1.199007681025364224e+18
9.622271173675154478e-29 2.395026619987485901e+03 1.601064678011658496e+18
9.622271173675154478e-29 3.039195382313198024e+03 2.251118406838305792e+18
9.622271173675154478e-29 3.856620421163472201e+03 3.327495429964408320e+18
9.622271173675154478e-29 4.893900918477494088e+03 5.280995513387106304e+18
9.622271173675154478e-29 6.210169418915616006e+03 8.956566711000311808e+18
9.622271173675154478e-29 7.880462815669912743e+03 1.585241769280531046e+19
9.622271173675154478e-29 1.000000000000000000e+04 2.864629776026255360e+19
1.166513131698198471e-28 1.000000000000000000e+01 2.898275461498072960e+17
1.166513131698198471e-28 1.268961003167922108e+01 2.226090772209470400e+17
1.166513131698198471e-28 1.610262027560939302e+01 1.921727864190348800e+17
1.166513131698198471e-28 2.043359717856941771e+01 1.916177907125652160e+17
1.166513131698198471e-28 2.592943797404667094e+01 2.193704660220385280e+17
1.166513131698198471e-28 3.290344562312667875e+01 2.753380751699455040e+17
1.166513131698198471e-28 4.175318936560400118e+01 3.573258878458869760e+17
1.166513131698198471e-28 5.298316906283707084e+01 4.541634663586490240e+17
1.166513131698198471e-28 6.723357536499334230e+01 5.385081078085509120e+17
1.166513131698198471e-28 8.531678524172805567e+01 5.787531637387929600e+17
1.166513131698198471e-28 1.082636733874054045e+02 5.659836267225907840e+17
1.166513131698198471e-28 1.373823795883263870e+02 5.205319230922475520e+17
1.166513131698198471e-28 1.743328822199987371e+02 4.735182087996740480e+17
1.166513131698198471e-28 2.212216291070450325e+02 4.442690351048821120e+17
1.166513131698198471e-28 2.807216203941175650e+02 4.338293075604931840e+17
1.166513131698198471e-28 3.562247890262444230e+02 4.322417316866149120e+17
1.166513131698198471e-28 4.520353656360240393e+02 4.278058182805597440e+17
1.166513131698198471e-28 5.736152510448681596e+02 4.158490602976447360e+17
1.166513131698198471e-28 7.278953843983146044e+02 4.037706235997466880e+17
1.166513131698198471e-28 9.236708571873865594e+02 4.069373421136286080e+17
1.166513131698198471e-28 1.172102297533480623e+03 4.419496071490784000e+17
1.166513131698198471e-28 1.487352107293511835e+03 5.260388061960310400e+17
1.166513131698198471e-28 1.887391822135097755e+03 6.801230514571936000e+17
1.166513131698198471e-28 2.395026619987485901e+03 9.330963998895456000e+17
1.166513131698198471e-28 3.039195382313198024e+03 1.339423760414867200e+18
1.166513131698198471e-28 3.856620421163472201e+03 2.053601497847988992e+18
1.166513131698198471e-28 4.893900918477494088e+03 3.371045595562451968e+18
1.166513131698198471e-28 6.210169418915616006e+03 5.913327661155205120e+18
1.166513131698198471e-28 7.880462815669912743e+03 1.078586938018665882e+19
1.166513131698198471e-28 1.000000000000000000e+04 1.989371781512506573e+19
1.414170170289026885e-28 1.000000000000000000e+01 1.459005795569626560e+17
1.414170170289026885e-28 1.268961003167922108e+01 1.090546991144480480e+17
1.414170170289026885e-28 1.610262027560939302e+01 9.270988186753508800e+16
1.414170170289026885e-28 2.043359717856941771e+01 9.241409912403380800e+16
1.414170170289026885e-28 2.592943797404667094e+01 1.073044467107872640e+17
1.414170170289026885e-28 3.290344562312667875e+01 1.378804171606973440e+17
1.414170170289026885e-28 4.175318936560400118e+01 1.837442668819700800e+17
1.414170170289026885e-28 5.298316906283707084e+01 2.392077196854187520e+17
1.414170170289026885e-28 6.723357536499334230e+01 2.884341660930997120e+17
1.414170170289026885e-28 8.531678524172805567e+01 3.121810504332654720e+17
1.414170170289026885e-28 1.082636733874054045e+02 3.046294183759740800e+17
1.414170170289026885e-28 1.373823795883263870e+02 2.778787983962714240e+17
1.414170170289026885e-28 1.743328822199987371e+02 2.504343780903285760e+17
1.414170170289026885e-28 2.212216291070450325e+02 2.334854344666013120e+17
1.414170170289026885e-28 2.807216203941175650e+02 2.274606224576064320e+17
1.414170170289026885e-28 3.562247890262444230e+02 2.265455990917513600e+17
1.414170170289026885e-28 4.520353656360240393e+02 2.239905560386925120e+17
1.414170170289026885e-28 5.736152510448681596e+02 2.171159463978387200e+17
1.414170170289026885e-28 7.278953843983146044e+02 2.101901073699212160e+17
1.414170170289026885e-28 9.236708571873865594e+02 2.120040688812695680e+17
1.414170170289026885e-28 1.172102297533480623e+03 2.321457333464531200e+17
1.414170170289026885e-28 1.487352107293511835e+03 2.811089351720028160e+17
1.414170170289026885e-28 1.887391822135097755e+03 3.726444582818755200e+17
1.414170170289026885e-28 2.395026619987485901e+03 5.269086753965122560e+17
1.414170170289026885e-28 3.039195382313198024e+03 7.823892751609478400e+17
1.414170170289026885e-28 3.856620421163472201e+03 1.231263767389686784e+18
1.414170170289026885e-28 4.893900918477494088e+03 2.114461813853804032e+18
1.414170170289026885e-28 6.210169418915616006e+03 3.853998241660418560e+18
1.414170170289026885e-28 7.880462815669912743e+03 7.273264174997252096e+18
1.414170170289026885e-28 1.000000000000000000e+04 1.379782597187329229e+19
1.714406135851975417e-28 1.000000000000000000e+01 6.985518523774819200e+16
1.714406135851975417e-28 1.268961003167922108e+01 5.062549490262159200e+16
1.714406135851975417e-28 1.610262027560939302e+01 4.229379885598438400e+16
1.714406135851975417e-28 2.043359717856941771e+01 4.214433744672639200e+16
1.714406135851975417e-28 2.592943797404667094e+01 4.972682399136232800e+16
1.714406135851975417e-28 3.290344562312667875e+01 6.562282425918669600e+16
1.714406135851975417e-28 4.175318936560400118e+01 9.012177044489308800e+16
1.714406135851975417e-28 5.298316906283707084e+01 1.205568737514402080e+17
1.714406135851975417e-28 6.723357536499334230e+01 1.481539379272190080e+17
1.714406135851975417e-28 8.531678524172805567e+01 1.616328041555704640e+17
1.714406135851975417e-28 1.082636733874054045e+02 1.573356025112982720e+17
1.714406135851975417e-28 1.373823795883263870e+02 1.421957000217618400e+17
1.714406135851975417e-28 1.743328822199987371e+02 1.268066326742649280e+17
1.714406135851975417e-28 2.212216291070450325e+02 1.173820499149295680e+17
1.714406135851975417e-28 2.807216203941175650e+02 1.140474676056938720e+17
1.714406135851975417e-28 3.562247890262444230e+02 1.135417639883488960e+17
1.714406135851975417e-28 4.520353656360240393e+02 1.121307206954613760e+17
1.714406135851975417e-28 5.736152510448681596e+02 1.083419251376384160e+17
1.714406135851975417e-28 7.278953843983146044e+02 1.045366263065473920e+17
1.714406135851975417e-28 9.236708571873865594e+02 1.055321212600004000e+17
1.714406135851975417e-28 1.172102297533480623e+03 1.166398344582282080e+17
1.714406135851975417e-28 1.487352107293511835e+03 1.440168283517370400e+17
1.714406135851975417e-28 1.887391822135097755e+03 1.963740428051631360e+17
1.714406135851975417e-28 2.395026619987485901e+03 2.872442848841049920e+17
1.714406135851975417e-28 3.039195382313198024e+03 4.429219432989004160e+17
1.714406135851975417e-28 3.856620421163472201e+03 7.271616626146932480e+17
1.714406135851975417e-28 4.893900918477494088e+03 1.300106614992599552e+18
1.714406135851975417e-28 6.210169418915616006e+03 2.475219078389548544e+18
1.714406135851975417e-28 7.880462815669912743e+03 4.855430083867639808e+18
1.714406135851975417e-28 1.000000000000000000e+04 9.501502161009872896e+18
2.078383818579763832e-28 1.000000000000000000e+01 3.159426972800588800e+16
2.078383818579763832e-28 1.268961003167922108e+01 2.210708780673882800e+16
2.078383818579763832e-28 1.610262027560939302e+01 1.810630022412428800e+16
2.078383818579763832e-28 2.043359717856941771e+01 1.803524810001139200e+16
2.078383818579763832e-28 2.592943797404667094e+01 2.167196917332489200e+16
2.078383818579763832e-28 3.290344562312667875e+01 2.947965101374742800e+16
2.078383818579763832e-28 4.175318936560400118e+01 4.189275236897647200e+16
2.078383818579763832e-28 5.298316906283707084e+01 5.779635784667671200e+16
2.078383818579763832e-28 6.723357536499334230e+01 7.257408563847108800e+16
2.078383818579763832e-28 8.531678524172805567e+01 7.989452174557700800e+16
2.078383818579763832e-28 1.082636733874054045e+02 7.755395589248192000e+16
2.078383818579763832e-28 1.373823795883263870e+02 6.935853728801658400e+16
2.078383818579763832e-28 1.743328822199987371e+02 6.111611229537809600e+16
2.078383818579763832e-28 2.212216291070450325e+02 5.611644287223533600e+16
2.078383818579763832e-28 2.807216203941175650e+02 5.435687951929604800e+16
2.078383818579763832e-28 3.562247890262444230e+02 5.409047998089785600e+16
2.078383818579763832e-28 4.520353656360240393e+02 5.334778676265916000e+16
2.078383818579763832e-28 5.736152510448681596e+02 5.135824583947657600e+16
2.078383818579763832e-28 7.278953843983146044e+02 4.936706867085188800e+16
2.078383818579763832e-28 9.236708571873865594e+02 4.988728153139416800e+16
2.078383818579763832e-28 1.172102297533480623e+03 5.572435929679220800e+16
2.078383818579763832e-28 1.487352107293511835e+03 7.034000423106874400e+16
2.078383818579763832e-28 1.887391822135097755e+03 9.902782216212244800e+16
2.078383818579763832e-28 2.395026619987485901e+03 1.505116640511951360e+17
2.078383818579763832e-28 3.039195382313198024e+03 2.421420804950393920e+17
2.078383818579763832e-28 3.856620421163472201e+03 4.166975640809838720e+17
2.078383818579763832e-28 4.893900918477494088e+03 7.767643883749903360e+17
2.078383818579763832e-28 6.210169418915616006e+03 1.563383214081346048e+18
2.078383818579763832e-28 7.880462815669912743e+03 3.204556393967786496e+18
2.078383818579763832e-28 1.000000000000000000e+04 6.492956048566515712e+18
2.519635929317023663e-28 1.000000000000000000e+01 1.339395650584096800e+16
2.519635929317023663e-28 1.268961003167922108e+01 9.005314672340269000e+15
2.519635929317023663e-28 1.610262027560939302e+01 7.211234200751361000e+15
2.519635929317023663e-28 2.043359717856941771e+01 7.179737837710109000e+15
2.519635929317023663e-28 2.592943797404667094e+01 8.808342281439597000e+15
2.519635929317023663e-28 3.290344562312667875e+01 1.240161630853956400e+16
2.519635929317023663e-28 4.175318936560400118e+01 1.832167754743954000e+16
2.519635929317023663e-28 5.298316906283707084e+01 2.617907201654959600e+16
2.519635929317023663e-28 6.723357536499334230e+01 3.368750346220226000e+16
2.519635929317023663e-28 8.531678524172805567e+01 3.746755921834403200e+16
2.519635929317023663e-28 1.082636733874054045e+02 3.625497174870992800e+16
2.519635929317023663e-28 1.373823795883263870e+02 3.203909018802050800e+16
2.519635929317023663e-28 1.743328822199987371e+02 2.785022808146060800e+16
2.519635929317023663e-28 2.212216291070450325e+02 2.533714068322260400e+16
2.519635929317023663e-28 2.807216203941175650e+02 2.445809002099878000e+16
2.519635929317023663e-28 3.562247890262444230e+02 2.432525585854650800e+16
2.519635929317023663e-28 4.520353656360240393e+02 2.395528830297278800e+16
2.519635929317023663e-28 5.736152510448681596e+02 2.296686908142701600e+16
2.519635929317023663e-28 7.278953843983146044e+02 2.198162542095789600e+16
2.519635929317023663e-28 9.236708571873865594e+02 2.223863566083502400e+16
2.519635929317023663e-28 1.172102297533480623e+03 2.514101092548833600e+16
2.519635929317023663e-28 1.487352107293511835e+03 3.254142616403186800e+16
2.519635929317023663e-28 1.887391822135097755e+03 4.750689951186876000e+16
2.519635929317023663e-28 2.395026619987485901e+03 7.541285271781270400e+16
2.519635929317023663e-28 3.039195382313198024e+03 1.272837091105983200e+17
2.519635929317023663e-28 3.856620421163472201e+03 2.309261429152282880e+17
2.519635929317023663e-28 4.893900918477494088e+03 4.563913641725910400e+17
2.519635929317023663e-28 6.210169418915616006e+03 9.688893808145455360e+17
2.519635929317023663e-28 7.880462815669912743e+03 2.087742078425211904e+18
2.519635929317023663e-28 1.000000000000000000e+04 4.399741480110915072e+18
3.054568246515444331e-28 1.000000000000000000e+01 5.275385983138762000e+15
3.054568246515444331e-28 1.268961003167922108e+01 3.389519692101707000e+15
3.054568246515444331e-28 1.610262027560939302e+01 2.645582851339184500e+15
3.054568246515444331e-28 2.043359717856941771e+01 2.632694422888187500e+15
3.054568246515444331e-28 2.592943797404667094e+01 3.306959591212658000e+15
3.054568246515444331e-28 3.290344562312667875e+01 4.841960079068246000e+15
3.054568246515444331e-28 4.175318936560400118e+01 7.476314325492963000e+15
3.054568246515444331e-28 5.298316906283707084e+01 1.111698412872609600e+16
3.054568246515444331e-28 6.723357536499334230e+01 1.470917436333313800e+16
3.054568246515444331e-28 8.531678524172805567e+01 1.655136541118937800e+16
3.054568246515444331e-28 1.082636733874054045e+02 1.595818598779926600e+16
3.054568246515444331e-28 1.373823795883263870e+02 1.391248802167463000e+16
3.054568246515444331e-28 1.743328822199987371e+02 1.190800075208120400e+16
3.054568246515444331e-28 2.212216291070450325e+02 1.072048593642867600e+16
3.054568246515444331e-28 2.807216203941175650e+02 1.030801184171511400e+16
3.054568246515444331e-28 3.562247890262444230e+02 1.024581935819342400e+16
3.054568246515444331e-28 4.520353656360240393e+02 1.007279464976982600e+16
3.054568246515444331e-28 5.736152510448681596e+02 9.611954446601066000e+15
3.054568246515444331e-28 7.278953843983146044e+02 9.154716212460440000e+15
3.054568246515444331e-28 9.236708571873865594e+02 9.273782111492410000e+15
3.054568246515444331e-28 1.172102297533480623e+03 1.062832162992491000e+16
3.054568246515444331e-28 1.487352107293511835e+03 1.415482472423118000e+16
3.054568246515444331e-28 1.887391822135097755e+03 2.153481140952308400e+16
3.054568246515444331e-28 2.395026619987485901e+03 3.591442345765970000e+16
3.054568246515444331e-28 3.039195382313198024e+03 6.400520385734872800e+16
3.054568246515444331e-28 3.856620421163472201e+03 1.232624837557780480e+17
3.054568246515444331e-28 4.893900918477494088e+03 2.600516612748117120e+17
3.054568246515444331e-28 6.210169418915616006e+03 5.831312858295555840e+17
3.054568246515444331e-28 7.880462815669912743e+03 1.340247446750771200e+18
3.054568246515444331e-28 1.000000000000000000e+04 2.953297602141033472e+18
3.703069584005125746e-28 1.000000000000000000e+01 1.911039014536347500e+15
3.703069584005125746e-28 1.268961003167922108e+01 1.166136059687754000e+15
3.703069584005125746e-28 1.610262027560939302e+01 8.840591630059160000e+14
3.703069584005125746e-28 2.043359717856941771e+01 8.792460133028013750e+14
3.703069584005125746e-28 2.592943797404667094e+01 1.134446842034352500e+15
3.703069584005125746e-28 3.290344562312667875e+01 1.736654594262926000e+15
3.703069584005125746e-28 4.175318936560400118e+01 2.819584671056568500e+15
3.703069584005125746e-28 5.298316906283707084e+01 4.386970754231129000e+15
3.703069584005125746e-28 6.723357536499334230e+01 5.991106125058272000e+15
3.703069584005125746e-28 8.531678524172805567e+01 6.831305544109674000e+15
3.703069584005125746e-28 1.082636733874054045e+02 6.559596950713697000e+15
3.703069584005125746e-28 1.373823795883263870e+02 5.631200023863840000e+15
3.703069584005125746e-28 1.743328822199987371e+02 4.735888843073620000e+15
3.703069584005125746e-28 2.212216291070450325e+02 4.213089117490017000e+15
3.703069584005125746e-28 2.807216203941175650e+02 4.032953926717249500e+15
3.703069584005125746e-28 3.562247890262444230e+02 4.005861595263438000e+15
3.703069584005125746e-28 4.520353656360240393e+02 3.930584453199162000e+15
3.703069584005125746e-28 5.736152510448681596e+02 3.730792612961776000e+15
3.703069584005125746e-28 7.278953843983146044e+02 3.533609748013504500e+15
3.703069584005125746e-28 9.236708571873865594e+02 3.584853523643077500e+15
3.703069584005125746e-28 1.172102297533480623e+03 4.172771705811200000e+15
3.703069584005125746e-28 1.487352107293511835e+03 5.740446187351206000e+15
3.703069584005125746e-28 1.887391822135097755e+03 9.152708342722712000e+15
3.703069584005125746e-28 2.395026619987485901e+03 1.614523969479420000e+16
3.703069584005125746e-28 3.039195382313198024e+03 3.060679687448204800e+16
3.703069584005125746e-28 3.856620421163472201e+03 6.306743391350515200e+16
3.703069584005125746e-28 4.893900918477494088e+03 1.432040764128950720e+17
3.703069584005125746e-28 6.210169418915616006e+03 3.463832488921317120e+17
3.703069584005125746e-28 7.880462815669912743e+03 8.460893782859247360e+17
3.703069584005125746e-28 1.000000000000000000e+04 1.961319685102122752e+18
4.489251258218589122e-28 1.000000000000000000e+01 6.294778850384448750e+14
4.489251258218589122e-28 1.268961003167922108e+01 3.622332199043803125e+14
4.489251258218589122e-28 1.610262027560939302e+01 3.091332176767124375e+14
4.489251258218589122e-28 2.043359717856941771e+01 3.073094814716780625e+14
4.489251258218589122e-28 2.592943797404667094e+01 3.512331149234883125e+14
4.489251258218589122e-28 3.290344562312667875e+01 5.655999772379952500e+14
4.489251258218589122e-28 4.175318936560400118e+01 9.722367817776117500e+14
4.489251258218589122e-28 5.298316906283707084e+01 1.592672267951757500e+15
4.489251258218589122e-28 6.723357536499334230e+01 2.254711508387848500e+15
4.489251258218589122e-28 8.531678524172805567e+01 2.609914118217751500e+15
4.489251258218589122e-28 1.082636733874054045e+02 2.494481199082235000e+15
4.489251258218589122e-28 1.373823795883263870e+02 2.104212567410833250e+15
4.489251258218589122e-28 1.743328822199987371e+02 1.734648644924453250e+15
4.489251258218589122e-28 2.212216291070450325e+02 1.522388330167557750e+15
4.489251258218589122e-28 2.807216203941175650e+02 1.449922920175809000e+15
4.489251258218589122e-28 3.562247890262444230e+02 1.439055471640210000e+15
4.489251258218589122e-28 4.520353656360240393e+02 1.408903781764084250e+15
4.489251258218589122e-28 5.736152510448681596e+02 1.329199652367181500e+15
4.489251258218589122e-28 7.278953843983146044e+02 1.251011295014169500e+15
4.489251258218589122e-28 9.236708571873865594e+02 1.271284152406085500e+15
4.489251258218589122e-28 1.172102297533480623e+03 1.506138215667996000e+15
4.489251258218589122e-28 1.487352107293511835e+03 2.149784859348148750e+15
4.489251258218589122e-28 1.887391822135097755e+03 3.615385663777621500e+15
4.489251258218589122e-28 2.395026619987485901e+03 6.797524391530948000e+15
4.489251258218589122e-28 3.039195382313198024e+03 1.382340586774987200e+16
4.489251258218589122e-28 3.856620421163472201e+03 3.075772352456702400e+16
4.489251258218589122e-28 4.893900918477494088e+03 7.589455629022294400e+16
4.489251258218589122e-28 6.210169418915616006e+03 1.997639828081481920e+17
4.489251258218589122e-28 7.880462815669912743e+03 5.240518391320282240e+17
4.489251258218589122e-28 1.000000000000000000e+04 1.286844015313309696e+18
5.442343548300249342e-28 1.000000000000000000e+01 2.176143708029929688e+14
5.442343548300249342e-28 1.268961003167922108e+01 1.195993739225509062e+14
5.442343548300249342e-28 1.610262027560939302e+01 8.549925380897281250e+13
5.442343548300249342e-28 2.043359717856941771e+01 8.493537141567742188e+13
5.442343548300249342e-28 2.592943797404667094e+01 1.156718806450026875e+14
5.442343548300249342e-28 3.290344562312667875e+01 1.937912983608309062e+14
5.442343548300249342e-28 4.175318936560400118e+01 3.027753779433210625e+14
5.442343548300249342e-28 5.298316906283707084e+01 5.259122495670338750e+14
5.442343548300249342e-28 6.723357536499334230e+01 7.756024529333535000e+14
5.442343548300249342e-28 8.531678524172805567e+01 9.132889676133712500e+14
5.442343548300249342e-28 1.082636733874054045e+02 8.682930028212773750e+14
5.442343548300249342e-28 1.373823795883263870e+02 7.179904604863500000e+14
5.442343548300249342e-28 1.743328822199987371e+02 5.785936382610202500e+14
5.442343548300249342e-28 2.212216291070450325e+02 5.000305546942883750e+14
5.442343548300249342e-28 2.807216203941175650e+02 4.734904315415283750e+14
5.442343548300249342e-28 3.562247890262444230e+02 4.695233615101807500e+14
5.442343548300249342e-28 4.520353656360240393e+02 4.585350363734115625e+14
5.442343548300249342e-28 5.736152510448681596e+02 4.296210143279933125e+14
5.442343548300249342e-28 7.278953843983146044e+02 4.014523579615306875e+14
5.442343548300249342e-28 9.236708571873865594e+02 4.087368034365147500e+14
5.442343548300249342e-28 1.172102297533480623e+03 4.940660083816161875e+14
5.442343548300249342e-28 1.487352107293511835e+03 7.353875913610256250e+14
5.442343548300249342e-28 1.887391822135097755e+03 1.314020266478875500e+15
5.442343548300249342e-28 2.395026619987485901e+03 2.656390811166532500e+15
5.442343548300249342e-28 3.039195382313198024e+03 5.850855528976759000e+15
5.442343548300249342e-28 3.856620421163472201e+03 1.420565437607337600e+16
5.442343548300249342e-28 4.893900918477494088e+03 3.851899644582895200e+16
5.442343548300249342e-28 6.210169418915616006e+03 1.114957231096927520e+17
5.442343548300249342e-28 7.880462815669912743e+03 3.152390370716369280e+17
5.442343548300249342e-28 1.000000000000000000e+04 8.327646004321416960e+17
6.597782479539520002e-28 1.000000000000000000e+01 5.914332690894210156e+13
6.597782479539520002e-28 1.268961003167922108e+01 3.026794539160225781e+13
6.597782479539520002e-28 1.610262027560939302e+01 2.078418569422549609e+13
6.597782479539520002e-28 2.043359717856941771e+01 2.063069028369792969e+13
6.597782479539520002e-28 2.592943797404667094e+01 2.915723936375647656e+13
6.597782479539520002e-28 3.290344562312667875e+01 5.194896050326410156e+13
6.597782479539520002e-28 4.175318936560400118e+01 1.001666543875669688e+14
6.597782479539520002e-28 5.298316906283707084e+01 1.821680435965920312e+14
6.597782479539520002e-28 6.723357536499334230e+01 2.408833296652948750e+14
6.597782479539520002e-28 8.531678524172805567e+01 2.892194062037580625e+14
6.597782479539520002e-28 1.082636733874054045e+02 2.733224027624950312e+14
6.597782479539520002e-28 1.373823795883263870e+02 2.209455585188031562e+14
6.597782479539520002e-28 1.743328822199987371e+02 2.020243633005221250e+14
6.597782479539520002e-28 2.212216291070450325e+02 1.724737306163238438e+14
6.597782479539520002e-28 2.807216203941175650e+02 1.625770380215998438e+14
6.597782479539520002e-28 3.562247890262444230e+02 1.611017175091446875e+14
6.597782479539520002e-28 4.520353656360240393e+02 1.570207998429708438e+14
6.597782479539520002e-28 5.736152510448681596e+02 1.463226137259379062e+14
6.597782479539520002e-28 7.278953843983146044e+02 1.359587483830502188e+14
6.597782479539520002e-28 9.236708571873865594e+02 1.386331208009656094e+14
6.597782479539520002e-28 1.172102297533480623e+03 1.702456008347591875e+14
6.597782479539520002e-28 1.487352107293511835e+03 2.269471232886309375e+14
6.597782479539520002e-28 1.887391822135097755e+03 4.344513942529226875e+14
6.597782479539520002e-28 2.395026619987485901e+03 9.537554385619748750e+14
6.597782479539520002e-28 3.039195382313198024e+03 2.300240143066422000e+15
6.597782479539520002e-28 3.856620421163472201e+03 6.167407978699220000e+15
6.597782479539520002e-28 4.893900918477494088e+03 1.861409720462594400e+16
6.597782479539520002e-28 6.210169418915616006e+03 5.999132539961212000e+16
6.597782479539520002e-28 7.880462815669912743e+03 1.871033797510865280e+17
6.597782479539520002e-28 1.000000000000000000e+04 5.305413505514800640e+17
7.998527336796691932e-28 1.000000000000000000e+01 1.409417587198786719e+13
7.998527336796691932e-28 1.268961003167922108e+01 6.651183318438172852e+12
7.998527336796691932e-28 1.610262027560939302e+01 4.362620382425751953e+12
7.998527336796691932e-28 2.043359717856941771e+01 4.326480379919173828e+12
7.998527336796691932e-28 2.592943797404667094e+01 6.378042987746995117e+12
7.998527336796691932e-28 3.290344562312667875e+01 1.218757077174901758e+13
7.998527336796691932e-28 4.175318936560400118e+01 2.542879331435229297e+13
7.998527336796691932e-28 5.298316906283707084e+01 4.965906947340479688e+13
7.998527336796691932e-28 6.723357536499334230e+01 7.952283660560204688e+13
7.998527336796691932e-28 8.531678524172805567e+01 9.693839850576425000e+13
7.998527336796691932e-28 1.082636733874054045e+02 9.118137552980670312e+13
7.998527336796691932e-28 1.373823795883263870e+02 7.242151091820573438e+13
7.998527336796691932e-28 1.743328822199987371e+02 5.575068573791267969e+13
7.998527336796691932e-28 2.212216291070450325e+02 4.671256466485342188e+13
7.998527336796691932e-28 2.807216203941175650e+02 4.372447988684303125e+13
7.998527336796691932e-28 3.562247890262444230e+02 4.328082992383475000e+13
7.998527336796691932e-28 4.520353656360240393e+02 4.205612839871453906e+13
7.998527336796691932e-28 5.736152510448681596e+02 3.886346020984132031e+13
7.998527336796691932e-28 7.278953843983146044e+02 3.579656258108057031e+13
7.998527336796691932e-28 9.236708571873865594e+02 3.658542456168679688e+13
7.998527336796691932e-28 1.172102297533480623e+03 4.603803756291485156e+13
7.998527336796691932e-28 1.487352107293511835e+03 7.455367968925626562e+13
7.998527336796691932e-28 1.887391822135097755e+03 1.506390605581123438e+14
7.998527336796691932e-28 2.395026619987485901e+03 3.109909665892356250e+14
7.998527336796691932e-28 3.039195382313198024e+03 8.315503679205415000e+14
7.998527336796691932e-28 3.856620421163472201e+03 2.495768214698533500e+15
7.998527336796691932e-28 4.893900918477494088e+03 8.507957124007601000e+15
7.998527336796691932e-28 6.210169418915616006e+03 3.097333775393510000e+16
7.998527336796691932e-28 7.880462815669912743e+03 1.078095754699153600e+17
7.998527336796691932e-28 1.000000000000000000e+04 3.320366150447709440e+17
9.696657893145501017e-28 1.000000000000000000e+01 2.892133705837725586e+12
9.696657893145501017e-28 1.268961003167922108e+01 1.244345420476898926e+12
9.696657893145501017e-28 1.610262027560939302e+01 7.746184193218303223e+11
9.696657893145501017e-28 2.043359717856941771e+01 7.674077909452374268e+11
9.696657893145501017e-28 2.592943797404667094e+01 1.187072724773288086e+12
9.696657893145501017e-28 3.290344562312667875e+01 2.456727830694786621e+12
9.696657893145501017e-28 4.175318936560400118e+01 5.607590716615394531e+12
9.696657893145501017e-28 5.298316906283707084e+01 1.187461752382977344e+13
9.696657893145501017e-28 6.723357536499334230e+01 2.012143800677135547e+13
9.696657893145501017e-28 8.531678524172805567e+01 2.511516965090841406e+13
9.696657893145501017e-28 1.082636733874054045e+02 2.345165633227946875e+13
9.696657893145501017e-28 1.373823795883263870e+02 1.812055673900759766e+13
9.696657893145501017e-28 1.743328822199987371e+02 1.351818143958932227e+13
9.696657893145501017e-28 2.212216291070450325e+02 1.108801961222963281e+13
9.696657893145501017e-28 2.807216203941175650e+02 1.029633605364220703e+13
9.696657893145501017e-28 3.562247890262444230e+02 1.017933063050578711e+13
9.696657893145501017e-28 4.520353656360240393e+02 9.857081107211558594e+12
9.696657893145501017e-28 5.736152510448681596e+02 9.022338071438361328e+12
9.696657893145501017e-28 7.278953843983146044e+02 8.228149380527630859e+12
9.696657893145501017e-28 9.236708571873865594e+02 8.431680063624395508e+12
9.696657893145501017e-28 1.172102297533480623e+03 1.090876415879047852e+13
9.696657893145501017e-28 1.487352107293511835e+03 1.871899095132857812e+13
9.696657893145501017e-28 1.887391822135097755e+03 4.112779936943883594e+13
9.696657893145501017e-28 2.395026619987485901e+03 1.066543607190661719e+14
9.696657893145501017e-28 3.039195382313198024e+03 2.732601690631224375e+14
9.696657893145501017e-28 3.856620421163472201e+03 9.323637435016101250e+14
9.696657893145501017e-28 4.893900918477494088e+03 3.650268232232396500e+15
9.696657893145501017e-28 6.210169418915616006e+03 1.526119440982783000e+16
9.696657893145501017e-28 7.880462815669912743e+03 6.011320525313239200e+16
9.696657893145501017e-28 1.000000000000000000e+04 2.036404314247783680e+17
1.175531073878367533e-27 1.000000000000000000e+01 5.004191292447864380e+11
1.175531073878367533e-27 1.268961003167922108e+01 1.937389651290110474e+11
1.175531073878367533e-27 1.610262027560939302e+01 1.136093196918744049e+11
1.175531073878367533e-27 2.043359717856941771e+01 1.124188207926719360e+11
1.175531073878367533e-27 2.592943797404667094e+01 1.837298186248381348e+11
1.175531073878367533e-27 3.290344562312667875e+01 4.165224701030502930e+11
1.175531073878367533e-27 4.175318936560400118e+01 1.053339153947344116e+12
1.175531073878367533e-27 5.298316906283707084e+01 2.446200658105351562e+12
1.175531073878367533e-27 6.723357536499334230e+01 4.420548089263249023e+12
1.175531073878367533e-27 8.531678524172805567e+01 5.668155803371791992e+12
1.175531073878367533e-27 1.082636733874054045e+02 5.248915294174699219e+12
1.175531073878367533e-27 1.373823795883263870e+02 3.930555788395193848e+12
1.175531073878367533e-27 1.743328822199987371e+02 2.829287887805304688e+12
1.175531073878367533e-27 2.212216291070450325e+02 2.265065499568631348e+12
1.175531073878367533e-27 2.807216203941175650e+02 2.084325771273462891e+12
1.175531073878367533e-27 3.562247890262444230e+02 2.057753286515089600e+12
1.175531073878367533e-27 4.520353656360240393e+02 1.984761437910556396e+12
1.175531073878367533e-27 5.736152510448681596e+02 1.797051712045843262e+12
1.175531073878367533e-27 7.278953843983146044e+02 1.620408913145600342e+12
1.175531073878367533e-27 9.236708571873865594e+02 1.665488294961555908e+12
1.175531073878367533e-27 1.172102297533480623e+03 2.224000615511573730e+12
1.175531073878367533e-27 1.487352107293511835e+03 4.076456044978216797e+12
1.175531073878367533e-27 1.887391822135097755e+03 9.851896140674316406e+12
1.175531073878367533e-27 2.395026619987485901e+03 2.863169659898790625e+13
1.175531073878367533e-27 3.039195382313198024e+03 9.429183037845598438e+13
1.175531073878367533e-27 3.856620421163472201e+03 3.180476488107756250e+14
1.175531073878367533e-27 4.893900918477494088e+03 1.457406392197015000e+15
1.175531073878367533e-27 6.210169418915616006e+03 7.131021811118259000e+15
1.175531073878367533e-27 7.880462815669912743e+03 3.230864555089286000e+16
1.175531073878367533e-27 1.000000000000000000e+04 1.213717620726594240e+17
1.425102670302996372e-27 1.000000000000000000e+01 7.125634710253547668e+10
1.425102670302996372e-27 1.268961003167922108e+01 2.444847795578771210e+10
1.425102670302996372e-27 1.610262027560939302e+01 1.338853778465189934e+10
1.425102670302996372e-27 2.043359717856941771e+01 1.323031773330862999e+10
1.425102670302996372e-27 2.592943797404667094e+01 2.302862029007543564e+10
1.425102670302996372e-27 3.290344562312667875e+01 5.794595691594017029e+10
1.425102670302996372e-27 4.175318936560400118e+01 1.647569954136109009e+11
1.425102670302996372e-27 5.298316906283707084e+01 4.251486876865252075e+11
1.425102670302996372e-27 6.723357536499334230e+01 8.268094063008294678e+11
1.425102670302996372e-27 8.531678524172805567e+01 1.093194324492683472e+12
1.425102670302996372e-27 1.082636733874054045e+02 1.002790750522121704e+12
1.425102670302996372e-27 1.373823795883263870e+02 7.245549168213211670e+11
1.425102670302996372e-27 1.743328822199987371e+02 5.007083832149625244e+11
1.425102670302996372e-27 2.212216291070450325e+02 3.899135444357136230e+11
1.425102670302996372e-27 2.807216203941175650e+02 3.551002936562689819e+11
1.425102670302996372e-27 3.562247890262444230e+02 3.500126252265419312e+11
1.425102670302996372e-27 4.520353656360240393e+02 3.360793242710941162e+11
1.425102670302996372e-27 5.736152510448681596e+02 3.005429845978109131e+11
1.425102670302996372e-27 7.278953843983146044e+02 2.675182610330749817e+11
1.425102670302996372e-27 9.236708571873865594e+02 2.759057249182652588e+11
1.425102670302996372e-27 1.172102297533480623e+03 3.819726761448135376e+11
1.425102670302996372e-27 1.487352107293511835e+03 7.548477861629183350e+11
1.425102670302996372e-27 1.887391822135097755e+03 2.033581624371335938e+12
1.425102670302996372e-27 2.395026619987485901e+03 6.728201590783449219e+12
1.425102670302996372e-27 3.039195382313198024e+03 2.555337451544963672e+13
1.425102670302996372e-27 3.856620421163472201e+03 9.784075622494189062e+13
1.425102670302996372e-27 4.893900918477494088e+03 5.361863655407184375e+14
1.425102670302996372e-27 6.210169418915616006e+03 3.137183929167127500e+15
1.425102670302996372e-27 7.880462815669912743e+03 1.665997507105446000e+16
1.425102670302996372e-27 1.000000000000000000e+04 7.106500289262604800e+16
1.727659664669034608e-27 1.000000000000000000e+01 8.117808025365911484e+09
1.727659664669034608e-27 1.268961003167922108e+01 2.425243229925104141e+09
1.727659664669034608e-27 1.610262027560939302e+01 1.227918646573018551e+09
1.727659664669034608e-27 2.043359717856941771e+01 1.211525649708372593e+09
1.727659664669034608e-27 2.592943797404667094e+01 2.266698170792031765e+09
1.727659664669034608e-27 3.290344562312667875e+01 6.427785586591547012e+09
1.727659664669034608e-27 4.175318936560400118e+01 2.090104180325858307e+10
1.727659664669034608e-27 5.298316906283707084e+01 6.084733184115422058e+10
1.727659664669034608e-27 6.723357536499334230e+01 1.286923082172786407e+11
1.727659664669034608e-27 8.531678524172805567e+01 1.762261198440553589e+11
1.727659664669034608e-27 1.082636733874054045e+02 1.599125339455228577e+11
1.727659664669034608e-27 1.373823795883263870e+02 1.109187431082395782e+11
1.727659664669034608e-27 1.743328822199987371e+02 7.315985360082402039e+10
1.727659664669034608e-27 2.212216291070450325e+02 5.519626537765230560e+10
1.727659664669034608e-27 2.807216203941175650e+02 4.967554454550256348e+10
1.727659664669034608e-27 3.562247890262444230e+02 4.887426712083257294e+10
1.727659664669034608e-27 4.520353656360240393e+02 4.668740187623555756e+10
1.727659664669034608e-27 5.736152510448681596e+02 4.116242641172387695e+10
1.727659664669034608e-27 7.278953843983146044e+02 3.610111656542970276e+10
1.727659664669034608e-27 9.236708571873865594e+02 3.737947532840396118e+10
1.727659664669034608e-27 1.172102297533480623e+03 5.393132825639614868e+10
1.727659664669034608e-27 1.487352107293511835e+03 1.161534977689636993e+11
1.727659664669034608e-27 1.887391822135097755e+03 3.542440574141243896e+11
1.727659664669034608e-27 2.395026619987485901e+03 1.358781416975471436e+12
1.727659664669034608e-27 3.039195382313198024e+03 6.069711110553794922e+12
1.727659664669034608e-27 3.856620421163472201e+03 3.206228515117898047e+13
1.727659664669034608e-27 4.893900918477494088e+03 1.797490319045576562e+14
1.727659664669034608e-27 6.210169418915616006e+03 1.288767929625490250e+15
1.727659664669034608e-27 7.880462815669912743e+03 8.197060033992335000e+15
1.727659664669034608e-27 1.000000000000000000e+04 4.033718937682820800e+16
2.094451143151468590e-27 1.000000000000000000e+01 7.161691888768341541e+08
2.094451143151468590e-27 1.268961003167922108e+01 1.825571832585996985e+08
2.094451143151468590e-27 1.610262027560939302e+01 8.447839571225123107e+07
2.094451143151468590e-27 2.043359717856941771e+01 8.320235955951821804e+07
2.094451143151468590e-27 2.592943797404667094e+01 1.691078506964156032e+08
2.094451143151468590e-27 3.290344562312667875e+01 5.500006548071666956e+08
2.094451143151468590e-27 4.175318936560400118e+01 2.085909704819159985e+09
2.094451143151468590e-27 5.298316906283707084e+01 6.972518505812456131e+09
2.094451143151468590e-27 6.723357536499334230e+01 1.623453818403377724e+10
2.094451143151468590e-27 8.531678524172805567e+01 2.314122301687317657e+10
2.094451143151468590e-27 1.082636733874054045e+02 2.074045304829913330e+10
2.094451143151468590e-27 1.373823795883263870e+02 1.372882180508911324e+10
2.094451143151468590e-27 1.743328822199987371e+02 8.584513327681778908e+09
2.094451143151468590e-27 2.212216291070450325e+02 6.246051669781430244e+09
2.094451143151468590e-27 2.807216203941175650e+02 5.545472436588136673e+09
2.094451143151468590e-27 3.562247890262444230e+02 5.444590957237437248e+09
2.094451143151468590e-27 4.520353656360240393e+02 5.170348238479041100e+09
2.094451143151468590e-27 5.736152510448681596e+02 4.484962445653178215e+09
2.094451143151468590e-27 7.278953843983146044e+02 3.867350840601995945e+09
2.094451143151468590e-27 9.236708571873865594e+02 4.022353985127832413e+09
2.094451143151468590e-27 1.172102297533480623e+03 6.084704510011493683e+09
2.094451143151468590e-27 1.487352107293511835e+03 1.446187335972548485e+10
2.094451143151468590e-27 1.887391822135097755e+03 5.083209572162823486e+10
2.094451143151468590e-27 2.395026619987485901e+03 2.308641737440802612e+11
2.094451143151468590e-27 3.039195382313198024e+03 1.240897565329185547e+12
2.094451143151468590e-27 3.856620421163472201e+03 8.019171178711542969e+12
2.094451143151468590e-27 4.893900918477494088e+03 6.301406960481859375e+13
2.094451143151468590e-27 6.210169418915616006e+03 4.897601686882936250e+14
2.094451143151468590e-27 7.880462815669912743e+03 3.824026488207023000e+15
2.094451143151468590e-27 1.000000000000000000e+04 2.211724303828631200e+16
2.539114433680346968e-27 1.000000000000000000e+01 4.712575642655334622e+07
2.539114433680346968e-27 1.268961003167922108e+01 1.001401651331692748e+07
2.539114433680346968e-27 1.610262027560939302e+01 4.180017799715134781e+06
2.539114433680346968e-27 2.043359717856941771e+01 4.108490085623895749e+06
2.539114433680346968e-27 2.592943797404667094e+01 9.181908505893524736e+06
2.539114433680346968e-27 3.290344562312667875e+01 3.494490040988536179e+07
2.539114433680346968e-27 4.175318936560400118e+01 1.581060356162224412e+08
2.539114433680346968e-27 5.298316906283707084e+01 6.192569205845837593e+08
2.539114433680346968e-27 6.723357536499334230e+01 1.609808922756077051e+09
2.539114433680346968e-27 8.531678524172805567e+01 2.402688671694017887e+09
2.539114433680346968e-27 1.082636733874054045e+02 2.123063056769579172e+09
2.539114433680346968e-27 1.373823795883263870e+02 1.331987096857072115e+09
2.539114433680346968e-27 1.743328822199987371e+02 7.834310693077609539e+08
2.539114433680346968e-27 2.212216291070450325e+02 5.468081189403007030e+08
2.539114433680346968e-27 2.807216203941175650e+02 4.779721448213779926e+08
2.539114433680346968e-27 3.562247890262444230e+02 4.681497063315440416e+08
2.539114433680346968e-27 4.520353656360240393e+02 4.415685266660946608e+08
2.539114433680346968e-27 5.736152510448681596e+02 3.759574662402819395e+08
2.539114433680346968e-27 7.278953843983146044e+02 3.179419311949843764e+08
2.539114433680346968e-27 9.236708571873865594e+02 3.323957403758510351e+08
2.539114433680346968e-27 1.172102297533480623e+03 5.308613100762244463e+08
2.539114433680346968e-27 1.487352107293511835e+03 1.412636792600011110e+09
2.539114433680346968e-27 1.887391822135097755e+03 5.842329601946531296e+09
2.539114433680346968e-27 2.395026619987485901e+03 3.219586078903187180e+10
2.539114433680346968e-27 3.039195382313198024e+03 2.138025496692440491e+11
2.539114433680346968e-27 3.856620421163472201e+03 1.738679865804971924e+12
2.539114433680346968e-27 4.893900918477494088e+03 1.749627187497696680e+13
2.539114433680346968e-27 6.210169418915616006e+03 1.703471565770953438e+14
2.539114433680346968e-27 7.880462815669912743e+03 1.679240883164432500e+15
2.539114433680346968e-27 1.000000000000000000e+04 1.166484631242843600e+16
3.078182142565080274e-27 1.000000000000000000e+01 2.215833060111487750e+06
3.078182142565080274e-27 1.268961003167922108e+01 3.822639906105519040e+05
3.078182142565080274e-27 1.610262027560939302e+01 1.418002178267222771e+05
3.078182142565080274e-27 2.043359717856941771e+01 1.390487791315371869e+05
3.078182142565080274e-27 2.592943797404667094e+01 3.464210930124056176e+05
3.078182142565080274e-27 3.290344562312667875e+01 1.578418964145901380e+06
3.078182142565080274e-27 4.175318936560400118e+01 8.741932272002149373e+06
3.078182142565080274e-27 5.298316906283707084e+01 4.106236754304514080e+07
3.078182142565080274e-27 6.723357536499334230e+01 1.211222839481390566e+08
3.078182142565080274e-27 8.531678524172805567e+01 1.905708887291538119e+08
3.078182142565080274e-27 1.082636733874054045e+02 1.656724216426282525e+08
3.078182142565080274e-27 1.373823795883263870e+02 9.774448137098276615e+07
3.078182142565080274e-27 1.743328822199987371e+02 5.359321489993177354e+07
3.078182142565080274e-27 2.212216291070450325e+02 3.566474576686991751e+07
3.078182142565080274e-27 2.807216203941175650e+02 3.062309891767116636e+07
3.078182142565080274e-27 3.562247890262444230e+02 2.991118229433413222e+07
3.078182142565080274e-27 4.520353656360240393e+02 2.799461134069612995e+07
3.078182142565080274e-27 5.736152510448681596e+02 2.333077966830459982e+07
3.078182142565080274e-27 7.278953843983146044e+02 1.929544266766103357e+07
3.078182142565080274e-27 9.236708571873865594e+02 2.029232189084250852e+07
3.078182142565080274e-27 1.172102297533480623e+03 3.448889011217920482e+07
3.078182142565080274e-27 1.487352107293511835e+03 1.044704398172601759e+08
3.078182142565080274e-27 1.887391822135097755e+03 5.206642415222133398e+08
3.078182142565080274e-27 2.395026619987485901e+03 3.581388148982223034e+09
3.078182142565080274e-27 3.039195382313198024e+03 3.029700043729290009e+10
3.078182142565080274e-27 3.856620421163472201e+03 3.203447836209711914e+11
3.078182142565080274e-27 4.893900918477494088e+03 4.272070043189512695e+12
3.078182142565080274e-27 6.210169418915616006e+03 5.357514546243814062e+13
3.078182142565080274e-27 7.880462815669912743e+03 6.884029118762270000e+14
3.078182142565080274e-27 1.000000000000000000e+04 5.887869643391294000e+15
3.731696837732755450e-27 1.000000000000000000e+01 7.090630181891852408e+04
3.731696837732755450e-27 1.268961003167922108e+01 9.637906813534329558e+03
3.731696837732755450e-27 1.610262027560939302e+01 3.124049623752930984e+03
3.731696837732755450e-27 2.043359717856941771e+01 3.055271749118488515e+03
3.731696837732755450e-27 2.592943797404667094e+01 8.618117459011727988e+03
3.731696837732755450e-27 3.290344562312667875e+01 4.824107133488895488e+04
3.731696837732755450e-27 4.175318936560400118e+01 3.367536044691999559e+05
3.731696837732755450e-27 5.298316906283707084e+01 1.947774630822692066e+06
3.731696837732755450e-27 6.723357536499334230e+01 6.640658650806310587e+06
3.731696837732755450e-27 8.531678524172805567e+01 1.109957774895657785e+07
3.731696837732755450e-27 1.082636733874054045e+02 9.470934668711693957e+06
3.731696837732755450e-27 1.373823795883263870e+02 5.207555395570905879e+06
3.731696837732755450e-27 1.743328822199987371e+02 2.634602781618905254e+06
3.731696837732755450e-27 2.212216291070450325e+02 1.660044614269337151e+06
3.731696837732755450e-27 2.807216203941175650e+02 1.396502520729122916e+06
3.731696837732755450e-27 3.562247890262444230e+02 1.359734028696846217e+06
3.731696837732755450e-27 4.520353656360240393e+02 1.261337001590732252e+06
3.731696837732755450e-27 5.736152510448681596e+02 1.025765956480470253e+06
3.731696837732755450e-27 7.278953843983146044e+02 8.269539681728538126e+05
3.731696837732755450e-27 9.236708571873865594e+02 8.755912229916043580e+05
3.731696837732755450e-27 1.172102297533480623e+03 1.598104462602533633e+06
3.731696837732755450e-27 1.487352107293511835e+03 5.615631939763553441e+06
3.731696837732755450e-27 1.887391822135097755e+03 3.466091702968987077e+07
3.731696837732755450e-27 2.395026619987485901e+03 3.074286150644652843e+08
3.731696837732755450e-27 3.039195382313198024e+03 3.432462123241705894e+09
3.731696837732755450e-27 3.856620421163472201e+03 4.901179722595738220e+10
3.731696837732755450e-27 4.893900918477494088e+03 9.012419042213747559e+11
3.731696837732755450e-27 6.210169418915616006e+03 1.786066462804120703e+13
3.731696837732755450e-27 7.880462815669912743e+03 2.609891757710811250e+14
3.731696837732755450e-27 1.000000000000000000e+04 2.827603158464910000e+15
4.523956232538058351e-27 1.000000000000000000e+01 1.461383557616372627e+03
4.523956232538058351e-27 1.268961003167922108e+01 1.513064922102763035e+02
4.523956232538058351e-27 1.610262027560939302e+01 4.204901956242627392e+01
4.523956232538058351e-27 2.043359717856941771e+01 4.099835465442960469e+01
4.523956232538058351e-27 2.592943797404667094e+01 1.332463481118254833e+02
4.523956232538058351e-27 3.290344562312667875e+01 9.434223235053455028e+02
4.523956232538058351e-27 4.175318936560400118e+01 8.579199494328255241e+03
4.523956232538058351e-27 5.298316906283707084e+01 6.295827674155083514e+04
4.523956232538058351e-27 6.723357536499334230e+01 2.533446579746622010e+05
4.523956232538058351e-27 8.531678524172805567e+01 4.538168635072882171e+05
4.523956232538058351e-27 1.082636733874054045e+02 3.790378169713930110e+05
4.523956232538058351e-27 1.373823795883263870e+02 1.922586394140971533e+05
4.523956232538058351e-27 1.743328822199987371e+02 8.871119915506185498e+04
4.523956232538058351e-27 2.212216291070450325e+02 5.250920430880772619e+04
4.523956232538058351e-27 2.807216203941175650e+02 4.315078640051596449e+04
4.523956232538058351e-27 3.562247890262444230e+02 4.186307484161116008e+04
4.523956232538058351e-27 4.520353656360240393e+02 3.844043068162463169e+04
4.523956232538058351e-27 5.736152510448681596e+02 3.039742855730487645e+04
4.523956232538058351e-27 7.278953843983146044e+02 2.380030597346954164e+04
4.523956232538058351e-27 9.236708571873865594e+02 2.539619771004467839e+04
4.523956232538058351e-27 1.172102297533480623e+03 5.029032446555554634e+04
4.523956232538058351e-27 1.487352107293511835e+03 2.094468107017436705e+05
4.523956232538058351e-27 1.887391822135097755e+03 1.651555603383685229e+06
4.523956232538058351e-27 2.395026619987485901e+03 1.960468890706114843e+07
4.523956232538058351e-27 3.039195382313198024e+03 3.008986290236151814e+08
4.523956232538058351e-27 3.856620421163472201e+03 6.062363151506532669e+09
4.523956232538058351e-27 4.893900918477494088e+03 1.609455626055846863e+11
4.523956232538058351e-27 6.210169418915616006e+03 4.588836051575287109e+12
4.523956232538058351e-27 7.880462815669912743e+03 9.053241259801471875e+13
4.523956232538058351e-27 1.000000000000000000e+04 1.283294798871328250e+15
5.484416576121026252e-27 1.000000000000000000e+01 1.822923361406594012e+01
5.484416576121026252e-27 1.268961003167922108e+01 1.383898770139939005e+00
5.484416576121026252e-27 1.610262027560939302e+01 3.227363341621126147e-01
5.484416576121026252e-27 2.043359717856941771e+01 3.135834266922435387e-01
5.484416576121026252e-27 2.592943797404667094e+01 1.197689749248912028e+00
5.484416576121026252e-27 3.290344562312667875e+01 1.108461453562921939e+01
5.484416576121026252e-27 4.175318936560400118e+01 1.362933454158623761e+02
5.484416576121026252e-27 5.298316906283707084e+01 1.312562325300516932e+03
5.484416576121026252e-27 6.723357536499334230e+01 6.383225187669749175e+03
5.484416576121026252e-27 8.531678524172805567e+01 1.237634574539954156e+04
5.484416576121026252e-27 1.082636733874054045e+02 1.008737617332065565e+04
5.484416576121026252e-27 1.373823795883263870e+02 4.665812764934857114e+03
5.484416576121026252e-27 1.743328822199987371e+02 1.937861814742393108e+03
5.484416576121026252e-27 2.212216291070450325e+02 1.067989075279231656e+03
5.484416576121026252e-27 2.807216203941175650e+02 8.544872466509910964e+02
5.484416576121026252e-27 3.562247890262444230e+02 8.255721890329649568e+02
5.484416576121026252e-27 4.520353656360240393e+02 7.493144058101380551e+02
5.484416576121026252e-27 5.736152510448681596e+02 5.738734921161201328e+02
5.484416576121026252e-27 7.278953843983146044e+02 4.345847401957956890e+02
5.484416576121026252e-27 9.236708571873865594e+02 4.678473061698604170e+02
5.484416576121026252e-27 1.172102297533480623e+03 1.016860397389240234e+03
5.484416576121026252e-27 1.487352107293511835e+03 5.142459182925702407e+03
5.484416576121026252e-27 1.887391822135097755e+03 5.365970170330707333e+04
5.484416576121026252e-27 2.395026619987485901e+03 8.892539948369247140e+05
5.484416576121026252e-27 3.039195382313198024e+03 1.965600633914972469e+07
5.484416576121026252e-27 3.856620421163472201e+03 5.877324599802528620e+08
5.484416576121026252e-27 4.893900918477494088e+03 2.376076629251784134e+10
5.484416576121026252e-27 6.210169418915616006e+03 1.025823024391321533e+12
5.484416576121026252e-27 7.880462815669912743e+03 2.838589298563870703e+13
5.484416576121026252e-27 1.000000000000000000e+04 5.461729205332168750e+14
6.648787838417277239e-27 1.000000000000000000e+01 1.283012555798351273e-01
6.648787838417277239e-27 1.268961003167922108e+01 6.840960195202579024e-03
6.648787838417277239e-27 1.610262027560939302e+01 1.306697583265430205e-03
6.648787838417277239e-27 2.043359717856941771e+01 1.264640419602541116e-03
6.648787838417277239e-27 2.592943797404667094e+01 5.804346059384280637e-03
6.648787838417277239e-27 3.290344562312667875e+01 7.287551809571377048e-02
6.648787838417277239e-27 4.175318936560400118e+01 1.263554598377803817e+00
6.648787838417277239e-27 5.298316906283707084e+01 1.658871113868173452e+01
6.648787838417277239e-27 6.723357536499334230e+01 1.001343296697454122e+02
6.648787838417277239e-27 8.531678524172805567e+01 2.125107178826208099e+02
6.648787838417277239e-27 1.082636733874054045e+02 1.684410892926956649e+02
6.648787838417277239e-27 1.373823795883263870e+02 7.012678124937622215e+01
6.648787838417277239e-27 1.743328822199987371e+02 2.583116109103077918e+01
6.648787838417277239e-27 2.212216291070450325e+02 1.312247114301542972e+01
6.648787838417277239e-27 2.807216203941175650e+02 1.018378747045099786e+01
6.648787838417277239e-27 3.562247890262444230e+02 9.792965836024679405e+00
6.648787838417277239e-27 4.520353656360240393e+02 8.771358688317008045e+00
6.648787838417277239e-27 5.736152510448681596e+02 6.476995865350963832e+00
6.648787838417277239e-27 7.278953843983146044e+02 4.721874350051648683e+00
6.648787838417277239e-27 9.236708571873865594e+02 5.134829465887570166e+00
6.648787838417277239e-27 1.172102297533480623e+03 1.241071935725574527e+01
6.648787838417277239e-27 1.487352107293511835e+03 7.832430765047939758e+01
6.648787838417277239e-27 1.887391822135097755e+03 1.125318032875532481e+03
6.648787838417277239e-27 2.395026619987485901e+03 2.730932732576499257e+04
6.648787838417277239e-27 3.039195382313198024e+03 9.165255905847790418e+05
6.648787838417277239e-27 3.856620421163472201e+03 4.309179506970191747e+07
6.648787838417277239e-27 4.893900918477494088e+03 2.821304248700452328e+09
6.648787838417277239e-27 6.210169418915616006e+03 1.957101609321718445e+11
6.648787838417277239e-27 7.880462815669912743e+03 9.440617848370167969e+12
6.648787838417277239e-27 1.000000000000000000e+04 2.160786306591273125e+14
8.060361408861361123e-27 1.000000000000000000e+01 4.706871569714332626e-04
8.060361408861361123e-27 1.268961003167922108e+01 1.678873865293091706e-05
8.060361408861361123e-27 1.610262027560939302e+01 2.555432470163710260e-06
8.060361408861361123e-27 2.043359717856941771e+01 2.462110429907951699e-06
8.060361408861361123e-27 2.592943797404667094e+01 1.392727681062562022e-05
8.060361408861361123e-27 3.290344562312667875e+01 2.473984190521173526e-04
8.060361408861361123e-27 4.175318936560400118e+01 6.342964858609457385e-03
8.060361408861361123e-27 5.298316906283707084e+01 1.185099009563011785e-01
8.060361408861361123e-27 6.723357536499334230e+01 9.150638299983960833e-01
8.060361408861361123e-27 8.531678524172805567e+01 2.152679312470997086e+00
8.060361408861361123e-27 1.082636733874054045e+02 1.652849397275077736e+00
8.060361408861361123e-27 1.373823795883263870e+02 6.103405248063449307e-01
8.060361408861361123e-27 1.743328822199987371e+02 1.960794579590341147e-01
8.060361408861361123e-27 2.212216291070450325e+02 9.078444490337217454e-02
8.060361408861361123e-27 2.807216203941175650e+02 6.804864330710365394e-02
8.060361408861361123e-27 3.562247890262444230e+02 6.508722927748974985e-02
8.060361408861361123e-27 4.520353656360240393e+02 5.742386506663139933e-02
8.060361408861361123e-27 5.736152510448681596e+02 4.067744464272376320e-02
8.060361408861361123e-27 7.278953843983146044e+02 2.839780299061096455e-02
8.060361408861361123e-27 9.236708571873865594e+02 3.123821859292305950e-02
8.060361408861361123e-27 1.172102297533480623e+03 8.520688088658778803e-02
8.060361408861361123e-27 1.487352107293511835e+03 6.920840980057435532e-01
8.060361408861361123e-27 1.887391822135097755e+03 1.431817511907238938e+01
8.060361408861361123e-27 2.395026619987485901e+03 5.370166799434138056e+02
8.060361408861361123e-27 3.039195382313198024e+03 2.904957330687179274e+04
8.060361408861361123e-27 3.856620421163472201e+03 2.293526430987455882e+06
8.060361408861361123e-27 4.893900918477494088e+03 2.609972277879380882e+08
8.060361408861361123e-27 6.210169418915616006e+03 3.116020343587428284e+10
8.060361408861361123e-27 7.880462815669912743e+03 2.416510586456090332e+12
8.060361408861361123e-27 1.000000000000000000e+04 7.867351288937446875e+13
9.771619672696201731e-27 1.000000000000000000e+01 8.228269193576950362e-07
9.771619672696201731e-27 1.268961003167922108e+01 1.857867743531488496e-08
9.771619672696201731e-27 1.610262027560939302e+01 2.184334803075485149e-09
9.771619672696201731e-27 2.043359717856941771e+01 2.093852801182899942e-09
9.771619672696201731e-27 2.592943797404667094e+01 1.502212937655459985e-08
9.771619672696201731e-27 3.290344562312667875e+01 3.959658873483218390e-07
9.771619672696201731e-27 4.175318936560400118e+01 1.584160714110928551e-05
9.771619672696201731e-27 5.298316906283707084e+01 4.422114904824651612e-04
9.771619672696201731e-27 6.723357536499334230e+01 4.518906860036124400e-03
9.771619672696201731e-27 8.531678524172805567e+01 1.195327558283823706e-02
9.771619672696201731e-27 1.082636733874054045e+02 8.851431112570740806e-03
9.771619672696201731e-27 1.373823795883263870e+02 2.851302227827379361e-03
9.771619672696201731e-27 1.743328822199987371e+02 7.839563753974346412e-04
9.771619672696201731e-27 2.212216291070450325e+02 3.265995873652633146e-04
9.771619672696201731e-27 2.807216203941175650e+02 2.353186281583341446e-04
9.771619672696201731e-27 3.562247890262444230e+02 2.237086384633455674e-04
9.771619672696201731e-27 4.520353656360240393e+02 1.940077016536987395e-04
9.771619672696201731e-27 5.736152510448681596e+02 1.310828447210927734e-04
9.771619672696201731e-27 7.278953843983146044e+02 8.711117255405173565e-05
9.771619672696201731e-27 9.236708571873865594e+02 9.708523439843022725e-05
9.771619672696201731e-27 1.172102297533480623e+03 3.038804991079603894e-04
9.771619672696201731e-27 1.487352107293511835e+03 3.289375394641258239e-03
9.771619672696201731e-27 1.887391822135097755e+03 1.030754844625274141e-01
9.771619672696201731e-27 2.395026619987485901e+03 6.349284590187592947e+00
9.771619672696201731e-27 3.039195382313198024e+03 5.922099703772714747e+02
9.771619672696201731e-27 3.856620421163472201e+03 8.457862042895802006e+04
9.771619672696201731e-27 4.893900918477494088e+03 1.813475776317916811e+07
9.771619672696201731e-27 6.210169418915616006e+03 4.034146188816421509e+09
9.771619672696201731e-27 7.880462815669912743e+03 5.379219462665854492e+11
9.771619672696201731e-27 1.000000000000000000e+04 2.606407392922661328e+13
1.184618730902687223e-26 1.000000000000000000e+01 6.191113825207834832e-10
1.184618730902687223e-26 1.268961003167922108e+01 8.311349378844528050e-12
1.184618730902687223e-26 1.610262027560939302e+01 7.285614192219043065e-13
1.184618730902687223e-26 2.043359717856941771e+01 6.943417239161099974e-13
1.184618730902687223e-26 2.592943797404667094e+01 6.527264366716430682e-12
1.184618730902687223e-26 3.290344562312667875e+01 2.694936637811768266e-10
1.184618730902687223e-26 4.175318936560400118e+01 1.788322355279754768e-08
1.184618730902687223e-26 5.298316906283707084e+01 7.881223415329509739e-07
1.184618730902687223e-26 6.723357536499334230e+01 1.107756637242583737e-05
1.184618730902687223e-26 8.531678524172805567e+01 3.348393946090154642e-05
1.184618730902687223e-26 1.082636733874054045e+02 2.379410023568752380e-05
1.184618730902687223e-26 1.373823795883263870e+02 6.561826589718187593e-06
1.184618730902687223e-26 1.743328822199987371e+02 1.511339422462433932e-06
1.184618730902687223e-26 2.212216291070450325e+02 5.583759379922961130e-07
1.184618730902687223e-26 2.807216203941175650e+02 3.846280119101853498e-07
1.184618730902687223e-26 3.562247890262444230e+02 3.631226883334028039e-07
1.184618730902687223e-26 4.520353656360240393e+02 3.088190836344384150e-07
1.184618730902687223e-26 5.736152510448681596e+02 1.977313963128163276e-07
1.184618730902687223e-26 7.278953843983146044e+02 1.242397946351637756e-07
1.184618730902687223e-26 9.236708571873865594e+02 1.405392661589748732e-07
1.184618730902687223e-26 1.172102297533480623e+03 5.144212960443857568e-07
1.184618730902687223e-26 1.487352107293511835e+03 7.719840646788771090e-06
1.184618730902687223e-26 1.887391822135097755e+03 3.879856295477289766e-04
1.184618730902687223e-26 2.395026619987485901e+03 4.204231373168487024e-02
1.184618730902687223e-26 3.039195382313198024e+03 7.295754313918427769e+00
1.184618730902687223e-26 3.856620421163472201e+03 2.049916319978407955e+03
1.184618730902687223e-26 4.893900918477494088e+03 9.075525238490608754e+05
1.184618730902687223e-26 6.210169418915616006e+03 4.120949063261392713e+08
1.184618730902687223e-26 7.880462815669912743e+03 1.021323182740653839e+11
1.184618730902687223e-26 1.000000000000000000e+04 9.051737506712417969e+12
1.436119685999083162e-26 1.000000000000000000e+01 1.786204436850781146e-13
1.436119685999083162e-26 1.268961003167922108e+01 1.327688853952022243e-15
1.436119685999083162e-26 1.610262027560939302e+01 8.335188099177883931e-17
1.436119685999083162e-26 2.043359717856941771e+01 7.891462640980571868e-17
1.436119685999083162e-26 2.592943797404667094e+01 1.008707299747325357e-15
1.436119685999083162e-26 3.290344562312667875e+01 6.937004944871503483e-14
1.436119685999083162e-26 4.175318936560400118e+01 8.183477831816515668e-12
1.436119685999083162e-26 5.298316906283707084e+01 6.061661798354962433e-10
1.436119685999083162e-26 6.723357536499334230e+01 1.224288575814278248e-08
1.436119685999083162e-26 8.531678524172805567e+01 4.306932035818555975e-08
1.436119685999083162e-26 1.082636733874054045e+02 2.920453271278292565e-08
1.436119685999083162e-26 1.373823795883263870e+02 6.749481967598068537e-09
1.436119685999083162e-26 1.743328822199987371e+02 1.270996969371051982e-09
1.436119685999083162e-26 2.212216291070450325e+02 4.096344307983857282e-10
1.436119685999083162e-26 2.807216203941175650e+02 2.681059945772417024e-10
1.436119685999083162e-26 3.562247890262444230e+02 2.511260333493016422e-10
1.436119685999083162e-26 4.520353656360240393e+02 2.088783682334043336e-10
1.436119685999083162e-26 5.736152510448681596e+02 1.258077038358708187e-10
1.436119685999083162e-26 7.278953843983146044e+02 7.416720958937496111e-11
1.436119685999083162e-26 9.236708571873865594e+02 8.532805796668905655e-11
1.436119685999083162e-26 1.172102297533480623e+03 3.731683076472617474e-10
1.436119685999083162e-26 1.487352107293511835e+03 8.119619791786642939e-09
1.436119685999083162e-26 1.887391822135097755e+03 6.983680662174846543e-07
1.436119685999083162e-26 2.395026619987485901e+03 1.438899263678500686e-04
1.436119685999083162e-26 3.039195382313198024e+03 5.062568777458973518e-02
1.436119685999083162e-26 3.856620421163472201e+03 3.076429585750204510e+01
1.436119685999083162e-26 4.893900918477494088e+03 3.118961270901966418e+04
1.436119685999083162e-26 6.210169418915616006e+03 3.208141819623726606e+07
1.436119685999083162e-26 7.880462815669912743e+03 1.617164738231028366e+10
1.436119685999083162e-26 1.000000000000000000e+04 2.477383773762203125e+12
1.741015652304022348e-26 1.000000000000000000e+01 1.732881528902397722e-17
1.741015652304022348e-26 1.268961003167922108e+01 6.577080851838791465e-20
1.741015652304022348e-26 1.610262027560939302e+01 2.825019578596128493e-21
1.741015652304022348e-26 2.043359717856941771e+01 2.654643420024313995e-21
1.741015652304022348e-26 2.592943797404667094e+01 4.812162643054831807e-20
1.741015652304022348e-26 3.290344562312667875e+01 5.911335905371745260e-18
1.741015652304022348e-26 4.175318936560400118e+01 1.341359861618940181e-15
1.741015652304022348e-26 5.298316906283707084e+01 1.793075806435487903e-13
1.741015652304022348e-26 6.723357536499334230e+01 5.468986759737450462e-12
1.741015652304022348e-26 8.531678524172805567e+01 2.286202625485941865e-11
1.741015652304022348e-26 1.082636733874054045e+02 1.469795555275047163e-11
1.741015652304022348e-26 1.373823795883263870e+02 2.778591207592506730e-12
1.741015652304022348e-26 1.743328822199987371e+02 4.161502045764171925e-13
1.741015652304022348e-26 2.212216291070450325e+02 1.148318740050564139e-13
1.741015652304022348e-26 2.807216203941175650e+02 7.091305784326459929e-14
1.741015652304022348e-26 3.562247890262444230e+02 6.582859788217477158e-14
1.741015652304022348e-26 4.520353656360240393e+02 5.338820873607540207e-14
1.741015652304022348e-26 5.736152510448681596e+02 2.999596990835312959e-14
1.741015652304022348e-26 7.278953843983146044e+02 1.644731684638118321e-14
1.741015652304022348e-26 9.236708571873865594e+02 1.928963047800308948e-14
1.741015652304022348e-26 1.172102297533480623e+03 1.032803393086629060e-13
1.741015652304022348e-26 1.487352107293511835e+03 3.428454729673126072e-12
1.741015652304022348e-26 1.887391822135097755e+03 5.432227995127772551e-10
1.741015652304022348e-26 2.395026619987485901e+03 2.324366319702740080e-07
1.741015652304022348e-26 3.039195382313198024e+03 1.827511600663022393e-04
1.741015652304022348e-26 3.856620421163472201e+03 2.673003006188134356e-01
1.741015652304022348e-26 4.893900918477494088e+03 6.974203545886557549e+02
1.741015652304022348e-26 6.210169418915616006e+03 1.829002148698233766e+06
1.741015652304022348e-26 7.880462815669912743e+03 2.080478260389613152e+09
1.741015652304022348e-26 1.000000000000000000e+04 5.950952338204260254e+11
2.110642679101546145e-26 1.000000000000000000e+01 4.869180790461546410e-22
2.110642679101546145e-26 1.268961003167922108e+01 8.606822358453126519e-25
2.110642679101546145e-26 1.610262027560939302e+01 2.401190084747389067e-26
2.110642679101546145e-26 2.043359717856941771e+01 2.237215425822932759e-26
2.110642679101546145e-26 2.592943797404667094e+01 6.033196288379006225e-25
2.110642679101546145e-26 3.290344562312667875e+01 1.433292455994474918e-22
2.110642679101546145e-26 4.175318936560400118e+01 6.842209231976822282e-20
2.110642679101546145e-26 5.298316906283707084e+01 1.789642510689687870e-17
2.110642679101546145e-26 6.723357536499334230e+01 8.721901390886706610e-16
2.110642679101546145e-26 8.531678524172805567e+01 4.436148477115714289e-15
2.110642679101546145e-26 1.082636733874054045e+02 2.684345065899210739e-15
2.110642679101546145e-26 1.373823795883263870e+02 4.038327988292796193e-16
2.110642679101546145e-26 1.743328822199987371e+02 4.661831257429886002e-17
2.110642679101546145e-26 2.212216291070450325e+02 1.078182295207571416e-17
2.110642679101546145e-26 2.807216203941175650e+02 6.232348964817463367e-18
2.110642679101546145e-26 3.562247890262444230e+02 5.726768209628859040e-18
2.110642679101546145e-26 4.520353656360240393e+02 4.513014481640473871e-18
2.110642679101546145e-26 5.736152510448681596e+02 2.342892089921971595e-18
2.110642679101546145e-26 7.278953843983146044e+02 1.183045149533222002e-18
2.110642679101546145e-26 9.236708571873865594e+02 1.418151351099503424e-18
2.110642679101546145e-26 1.172102297533480623e+03 9.557266932567850802e-18
2.110642679101546145e-26 1.487352107293511835e+03 5.128516885807804935e-16
2.110642679101546145e-26 1.887391822135097755e+03 1.627613408670911847e-13
2.110642679101546145e-26 2.395026619987485901e+03 1.598670666910139002e-10
2.110642679101546145e-26 3.039195382313198024e+03 3.136608463057306289e-07
2.110642679101546145e-26 3.856620421163472201e+03 1.246329479711148205e-03
2.110642679101546145e-26 4.893900918477494088e+03 9.547356429627699370e+00
2.110642679101546145e-26 6.210169418915616006e+03 7.297101551772795210e+04
2.110642679101546145e-26 7.880462815669912743e+03 2.109917381450640261e+08
2.110642679101546145e-26 1.000000000000000000e+04 1.232267425551910248e+11
2.558743520168578766e-26 1.000000000000000000e+01 3.344194694101661602e-27
2.558743520168578766e-26 1.268961003167922108e+01 2.479421658699314107e-30
2.558743520168578766e-26 1.610262027560939302e+01 4.235107398376934013e-32
2.558743520168578766e-26 2.043359717856941771e+01 3.907824343116772521e-32
2.558743520168578766e-26 2.592943797404667094e+01 1.655407389007483010e-30
2.558743520168578766e-26 3.290344562312667875e+01 8.324585092530269019e-28
2.558743520168578766e-26 4.175318936560400118e+01 9.256811219350531961e-25
2.558743520168578766e-26 5.298316906283707084e+01 5.193640368366989018e-22
2.558743520168578766e-26 6.723357536499334230e+01 4.312497929394376864e-20
2.558743520168578766e-26 8.531678524172805567e+01 2.741435064901238123e-19
2.558743520168578766e-26 1.082636733874054045e+02 1.548448956011257825e-19
2.558743520168578766e-26 1.373823795883263870e+02 1.796672117983351333e-20
2.558743520168578766e-26 1.743328822199987371e+02 1.542650907690597365e-21
2.558743520168578766e-26 2.212216291070450325e+02 2.918941728502417341e-22
2.558743520168578766e-26 2.807216203941175650e+02 1.565127273554415375e-22
2.558743520168578766e-26 3.562247890262444230e+02 1.421576302020518174e-22
2.558743520168578766e-26 4.520353656360240393e+02 1.084289797262171088e-22
2.558743520168578766e-26 5.736152510448681596e+02 5.145138398333448608e-23
2.558743520168578766e-26 7.278953843983146044e+02 2.365714796621045741e-23
2.558743520168578766e-26 9.236708571873865594e+02 2.907207795829005490e-23
2.558743520168578766e-26 1.172102297533480623e+03 2.545004647688521980e-22
2.558743520168578766e-26 1.487352107293511835e+03 2.357706164224535015e-20
2.558743520168578766e-26 1.887391822135097755e+03 1.648343135836468877e-17
2.558743520168578766e-26 2.395026619987485901e+03 4.164581289324984743e-14
2.558743520168578766e-26 3.039195382313198024e+03 2.311270681708908567e-10
2.558743520168578766e-26 3.856620421163472201e+03 2.861946229242038348e-06
2.558743520168578766e-26 4.893900918477494088e+03 7.470490984050789929e-02
2.558743520168578766e-26 6.210169418915616006e+03 1.935078050723584965e+03
2.558743520168578766e-26 7.880462815669912743e+03 1.628984606388895027e+07
2.558743520168578766e-26 1.000000000000000000e+04 2.154354479128297424e+10
3.101978590138087455e-26 1.000000000000000000e+01 4.628951425634817448e-33
3.101978590138087455e-26 1.268961003167922108e+01 1.278021799732537539e-36
3.101978590138087455e-26 1.610262027560939302e+01 1.249691292547633668e-38
3.101978590138087455e-26 2.043359717856941771e+01 1.140475715191683093e-38
3.101978590138087455e-26 2.592943797404667094e+01 8.073207868206876045e-37
3.101978590138087455e-26 3.290344562312667875e+01 9.523021237951072840e-34
3.101978590138087455e-26 4.175318936560400118e+01 2.769516937803537644e-30
3.101978590138087455e-26 5.298316906283707084e+01 3.700376695145888842e-27
3.101978590138087455e-26 6.723357536499334230e+01 5.631281417261704451e-25
3.101978590138087455e-26 8.531678524172805567e+01 4.612908083628313162e-24
3.101978590138087455e-26 1.082636733874054045e+02 2.409260185021093635e-24
3.101978590138087455e-26 1.373823795883263870e+02 2.080737937887900263e-25
3.101978590138087455e-26 1.743328822199987371e+02 1.276010341593412908e-26
3.101978590138087455e-26 2.212216291070450325e+02 1.921741671172786941e-27
3.101978590138087455e-26 2.807216203941175650e+02 9.460508536336007835e-28
3.101978590138087455e-26 3.562247890262444230e+02 8.480233404645929891e-28
3.101978590138087455e-26 4.520353656360240393e+02 6.232450734532154508e-28
3.101978590138087455e-26 5.736152510448681596e+02 2.670121158759404786e-28
3.101978590138087455e-26 7.278953843983146044e+02 1.103674311096714315e-28
3.101978590138087455e-26 9.236708571873865594e+02 1.395163397210463210e-28
3.101978590138087455e-26 1.172102297533480623e+03 1.644359286775544321e-27
3.101978590138087455e-26 1.487352107293511835e+03 2.834117110865098554e-25
3.101978590138087455e-26 1.887391822135097755e+03 4.863497345589131784e-22
3.101978590138087455e-26 2.395026619987485901e+03 3.597365499939776660e-18
3.101978590138087455e-26 3.039195382313198024e+03 6.511794931091602166e-14
3.101978590138087455e-26 3.856620421163472201e+03 2.936456084640059226e-09
3.101978590138087455e-26 4.893900918477494088e+03 3.091771418889732248e-04
3.101978590138087455e-26 6.210169418915616006e+03 3.218116807912208088e+01
3.101978590138087455e-26 7.880462815669912743e+03 9.199095919038765132e+05
3.101978590138087455e-26 1.000000000000000000e+04 3.104198703046047211e+09
3.760545399658160050e-26 1.000000000000000000e+01 1.036956579219615446e-39
3.760545399658160050e-26 1.268961003167922108e+01 9.312387250616628167e-44
3.760545399658160050e-26 1.610262027560939302e+01 4.829474539448415759e-46
3.760545399658160050e-26 2.043359717856941771e+01 4.352514732123499193e-46
3.760545399658160050e-26 2.592943797404667094e+01 5.523687361623712413e-44
3.760545399658160050e-26 3.290344562312667875e+01 1.717660051360977851e-40
3.760545399658160050e-26 4.175318936560400118e+01 1.490313881739580892e-36
3.760545399658160050e-26 5.298316906283707084e+01 5.340208127266280679e-33
3.760545399658160050e-26 6.723357536499334230e+01 1.618288359028334896e-30
3.760545399658160050e-26 8.531678524172805567e+01 1.768571990013343198e-29
3.760545399658160050e-26 1.082636733874054045e+02 8.450140591407598334e-30
3.760545399658160050e-26 1.373823795883263870e+02 5.216714964258287639e-31
3.760545399658160050e-26 1.743328822199987371e+02 2.182001204307107481e-32
3.760545399658160050e-26 2.212216291070450325e+02 2.535156484581141335e-33
3.760545399658160050e-26 2.807216203941175650e+02 1.132499416849375987e-33
3.760545399658160050e-26 3.562247890262444230e+02 1.000045545380968164e-33
3.760545399658160050e-26 4.520353656360240393e+02 7.045932490192597627e-34
3.760545399658160050e-26 5.736152510448681596e+02 2.687529442175201385e-34
3.760545399658160050e-26 7.278953843983146044e+02 9.841768930800440195e-35
3.760545399658160050e-26 9.236708571873865594e+02 1.284719139146463842e-34
3.760545399658160050e-26 1.172102297533480623e+03 2.123378042913365214e-33
3.760545399658160050e-26 1.487352107293511835e+03 7.412980590822891381e-31
3.760545399658160050e-26 1.887391822135097755e+03 3.531048186725716793e-27
3.760545399658160050e-26 2.395026619987485901e+03 8.858114640860939334e-23
3.760545399658160050e-26 3.039195382313198024e+03 6.149127339213098745e-18
3.760545399658160050e-26 3.856620421163472201e+03 1.205439905048119199e-12
3.760545399658160050e-26 4.893900918477494088e+03 6.199238496940183456e-07
3.760545399658160050e-26 6.210169418915616006e+03 3.143211411068853045e-01
3.760545399658160050e-26 7.880462815669912743e+03 3.630355175506249361e+04
3.760545399658160050e-26 1.000000000000000000e+04 3.584725843507168293e+08
4.558929499981050028e-26 1.000000000000000000e+01 2.929610308436180568e-47
4.558929499981050028e-26 1.268961003167922108e+01 7.337651214565228640e-52
4.558929499981050028e-26 1.610262027560939302e+01 1.850336659235098299e-54
4.558929499981050028e-26 2.043359717856941771e+01 1.644003674023169937e-54
4.558929499981050028e-26 2.592943797404667094e+01 4.051735894974625149e-52
4.558929499981050028e-26 3.290344562312667875e+01 3.792991755871915905e-48
4.558929499981050028e-26 4.175318936560400118e+01 1.140368964805391394e-43
4.558929499981050028e-26 5.298316906283707084e+01 1.254408541550149386e-39
4.558929499981050028e-26 6.723357536499334230e+01 8.318401842615439576e-37
4.558929499981050028e-26 8.531678524172805567e+01 1.261688174177242502e-35
4.558929499981050028e-26 1.082636733874054045e+02 5.447910577287386811e-36
4.558929499981050028e-26 1.373823795883263870e+02 2.296123553962121911e-37
4.558929499981050028e-26 1.743328822199987371e+02 6.216071432232925783e-39
4.558929499981050028e-26 2.212216291070450325e+02 5.377020832401545730e-40
4.558929499981050028e-26 2.807216203941175650e+02 2.150855664725821515e-40
4.558929499981050028e-26 3.562247890262444230e+02 1.867195426410296867e-40
4.558929499981050028e-26 4.520353656360240393e+02 1.253907520834886376e-40
4.558929499981050028e-26 5.736152510448681596e+02 4.190952745804346023e-41
4.558929499981050028e-26 7.278953843983146044e+02 1.337335770181595437e-41
4.558929499981050028e-26 9.236708571873865594e+02 1.810660198665952342e-41
4.558929499981050028e-26 1.172102297533480623e+03 4.395561204647552369e-40
4.558929499981050028e-26 1.487352107293511835e+03 3.423778026982012224e-37
4.558929499981050028e-26 1.887391822135097755e+03 5.206155825027158587e-33
4.558929499981050028e-26 2.395026619987485901e+03 5.235946933349613772e-28
4.558929499981050028e-26 3.039195382313198024e+03 1.675597884044258759e-22
4.558929499981050028e-26 3.856620421163472201e+03 1.746310862811073901e-16
4.558929499981050028e-26 4.893900918477494088e+03 5.451575018684554578e-10
4.558929499981050028e-26 6.210169418915616006e+03 1.674408453149021621e-03
4.558929499981050028e-26 7.880462815669912743e+03 9.507946525864441583e+02
4.558929499981050028e-26 1.000000000000000000e+04 3.212090961887700856e+07
5.526814857144591323e-26 1.000000000000000000e+01 7.861060211143197122e-56
5.526814857144591323e-26 1.268961003167922108e+01 4.610298299203961230e-61
5.526814857144591323e-26 1.610262027560939302e+01 5.121442788267118884e-64
5.526814857144591323e-26 2.043359717856941771e+01 4.477220925261976945e-64
5.526814857144591323e-26 2.592943797404667094e+01 2.346778714546968437e-61
5.526814857144591323e-26 3.290344562312667875e+01 7.691203244715255060e-57
5.526814857144591323e-26 4.175318936560400118e+01 9.499391543094543823e-52
5.526814857144591323e-26 5.298316906283707084e+01 3.740354112915736677e-47
5.526814857144591323e-26 6.723357536499334230e+01 6.042183422454395293e-44
5.526814857144591323e-26 8.531678524172805567e+01 1.330287567621296071e-42
5.526814857144591323e-26 1.082636733874054045e+02 5.119640299846419261e-43
5.526814857144591323e-26 1.373823795883263870e+02 1.398089364295499155e-44
5.526814857144591323e-26 1.743328822199987371e+02 2.308041437891760335e-46
5.526814857144591323e-26 2.212216291070450325e+02 1.427574141007467876e-47
5.526814857144591323e-26 2.807216203941175650e+02 5.036582252102857804e-48
5.526814857144591323e-26 3.562247890262444230e+02 4.288419607238387436e-48
5.526814857144591323e-26 4.520353656360240393e+02 2.726940083779419074e-48
5.526814857144591323e-26 5.736152510448681596e+02 7.843300937792016609e-49
5.526814857144591323e-26 7.278953843983146044e+02 2.140157783840303436e-49
5.526814857144591323e-26 9.236708571873865594e+02 3.020480100813712630e-49
5.526814857144591323e-26 1.172102297533480623e+03 1.135210850036982678e-47
5.526814857144591323e-26 1.487352107293511835e+03 2.202034522739936620e-44
5.526814857144591323e-26 1.887391822135097755e+03 1.253063452899417781e-39
5.526814857144591323e-26 2.395026619987485901e+03 6.110516944261776842e-34
5.526814857144591323e-26 3.039195382313198024e+03 1.111345503172391807e-27
5.526814857144591323e-26 3.856620421163472201e+03 7.740980724286243578e-21
5.526814857144591323e-26 4.893900918477494088e+03 1.877963663170812428e-13
5.526814857144591323e-26 6.210169418915616006e+03 4.474134914011413227e-06
5.526814857144591323e-26 7.880462815669912743e+03 1.558885962517372370e+01
5.526814857144591323e-26 1.000000000000000000e+04 2.151674675676478073e+06
6.700187503509576625e-26 1.000000000000000000e+01 1.451308439750708130e-65
6.700187503509576625e-26 1.268961003167922108e+01 1.633659147017485231e-71
6.700187503509576625e-26 1.610262027560939302e+01 7.145555583950997966e-75
6.700187503509576625e-26 2.043359717856941771e+01 6.132715428720604990e-75
6.700187503509576625e-26 2.592943797404667094e+01 7.580950654282411584e-72
6.700187503509576625e-26 3.290344562312667875e+01 1.032649231561662851e-66
6.700187503509576625e-26 4.175318936560400118e+01 6.358139507580566079e-61
6.700187503509576625e-26 5.298316906283707084e+01 1.067127711724370430e-55
6.700187503509576625e-26 6.723357536499334230e+01 4.743880423098247327e-52
6.700187503509576625e-26 8.531678524172805567e+01 1.595470460435647369e-50
6.700187503509576625e-26 1.082636733874054045e+02 5.387079096798711316e-51
6.700187503509576625e-26 1.373823795883263870e+02 8.981897579266519429e-53
6.700187503509576625e-26 1.743328822199987371e+02 8.449795243442345406e-55
6.700187503509576625e-26 2.212216291070450325e+02 3.569283224248577675e-56
6.700187503509576625e-26 2.807216203941175650e+02 1.091736379491304919e-56
6.700187503509576625e-26 3.562247890262444230e+02 9.093042665762592614e-57
6.700187503509576625e-26 4.520353656360240393e+02 5.434314667964191507e-57
6.700187503509576625e-26 5.736152510448681596e+02 1.317685202817475427e-57
6.700187503509576625e-26 7.278953843983146044e+02 3.009316273380672321e-58
6.700187503509576625e-26 9.236708571873865594e+02 4.452474337324304911e-58
6.700187503509576625e-26 1.172102297533480623e+03 2.750561999623702599e-56
6.700187503509576625e-26 1.487352107293511835e+03 1.505541208424487741e-52
6.700187503509576625e-26 1.887391822135097755e+03 3.841228301441639739e-47
6.700187503509576625e-26 2.395026619987485901e+03 1.127452901594482883e-40
6.700187503509576625e-26 3.039195382313198024e+03 1.478455106986559017e-33
6.700187503509576625e-26 3.856620421163472201e+03 8.927576856762295766e-26
6.700187503509576625e-26 4.893900918477494088e+03 2.228818711616061875e-17
6.700187503509576625e-26 6.210169418915616006e+03 5.454109816726474418e-09
6.700187503509576625e-26 7.880462815669912743e+03 1.498122341083724107e-01
6.700187503509576625e-26 1.000000000000000000e+04 1.032597293455692125e+05
8.122673500479703130e-26 1.000000000000000000e+01 1.277779720636218970e-76
8.122673500479703130e-26 1.268961003167922108e+01 2.202112341462101433e-83
8.122673500479703130e-26 1.610262027560939302e+01 3.338024080674304029e-87
8.122673500479703130e-26 2.043359717856941771e+01 2.805507100175455630e-87
8.122673500479703130e-26 2.592943797404667094e+01 9.198521463243741053e-84
8.122673500479703130e-26 3.290344562312667875e+01 6.329743430557208400e-78
8.122673500479703130e-26 4.175318936560400118e+01 2.420949548774225006e-71
8.122673500479703130e-26 5.298316906283707084e+01 2.112392973864892829e-65
8.122673500479703130e-26 6.723357536499334230e+01 2.968495292050402434e-61
8.122673500479703130e-26 8.531678524172805567e+01 1.616196156527407563e-59
8.122673500479703130e-26 1.082636733874054045e+02 4.702692106030840096e-60
8.122673500479703130e-26 1.373823795883263870e+02 4.474400055588062687e-62
8.122673500479703130e-26 1.743328822199987371e+02 2.220930358941255510e-64
8.122673500479703130e-26 2.212216291070450325e+02 6.080899573400863297e-66
8.122673500479703130e-26 2.807216203941175650e+02 1.581295919778243082e-66
8.122673500479703130e-26 3.562247890262444230e+02 1.284470410083592151e-66
8.122673500479703130e-26 4.520353656360240393e+02 7.153639918982348695e-67
8.122673500479703130e-26 5.736152510448681596e+02 1.428505278269009576e-67
8.122673500479703130e-26 7.278953843983146044e+02 2.664785750995290240e-68
8.122673500479703130e-26 9.236708571873865594e+02 4.160133191930968440e-68
8.122673500479703130e-26 1.172102297533480623e+03 4.521714940220798478e-66
8.122673500479703130e-26 1.487352107293511835e+03 8.050024633029781344e-62
8.122673500479703130e-26 1.887391822135097755e+03 1.130950852885830066e-55
8.122673500479703130e-26 2.395026619987485901e+03 2.554766060567390276e-48
8.122673500479703130e-26 3.039195382313198024e+03 3.165877740292589522e-40
8.122673500479703130e-26 3.856620421163472201e+03 2.227687996668630992e-31
8.122673500479703130e-26 4.893900918477494088e+03 7.875932013822909627e-22
8.122673500479703130e-26 6.210169418915616006e+03 2.723690771187924942e-12
8.122673500479703130e-26 7.880462815669912743e+03 7.834679229430225027e-04
8.122673500479703130e-26 1.000000000000000000e+04 3.382475723903649396e+03
9.847160957933764188e-26 1.000000000000000000e+01 3.536545539398590399e-89
9.847160957933764188e-26 1.268961003167922108e+01 7.216518836766709258e-97
9.847160957933764188e-26 1.610262027560939302e+01 3.278879370245213370e-101
9.847160957933764188e-26 2.043359717856941771e+01 2.690957847210402118e-101
9.847160957933764188e-26 2.592943797404667094e+01 2.674645704609823206e-97
9.847160957933764188e-26 3.290344562312667875e+01 1.160671221183136616e-90
9.847160957933764188e-26 4.175318936560400118e+01 3.541302700485881818e-83
9.847160957933764188e-26 5.298316906283707084e+01 2.013249082540890502e-76
9.847160957933764188e-26 6.723357536499334230e+01 1.047025227807259236e-71
9.847160957933764188e-26 8.531678524172805567e+01 9.857523576859307562e-70
9.847160957933764188e-26 1.082636733874054045e+02 2.421918724000558821e-70
9.847160957933764188e-26 1.373823795883263870e+02 1.217745989664982866e-72
9.847160957933764188e-26 1.743328822199987371e+02 2.921802708256686502e-75
9.847160957933764188e-26 2.212216291070450325e+02 4.886454905745746822e-77
9.847160957933764188e-26 2.807216203941175650e+02 1.056559499055697382e-77
9.847160957933764188e-26 3.562247890262444230e+02 8.341311434734936810e-78
9.847160957933764188e-26 4.520353656360240393e+02 4.287553928669114405e-78
9.847160957933764188e-26 5.736152510448681596e+02 6.866030258531499218e-79
9.847160957933764188e-26 7.278953843983146044e+02 1.017597113447662738e-79
9.847160957933764188e-26 9.236708571873865594e+02 1.688591657629319139e-79
9.847160957933764188e-26 1.172102297533480623e+03 3.488998194507581729e-77
9.847160957933764188e-26 1.487352107293511835e+03 2.374468991545388652e-72
9.847160957933764188e-26 1.887391822135097755e+03 2.320299683721177512e-65
9.847160957933764188e-26 2.395026619987485901e+03 5.334657168305532785e-57
9.847160957933764188e-26 3.039195382313198024e+03 8.497053548859465759e-48
9.847160957933764188e-26 3.856620421163472201e+03 9.752401695729365470e-38
9.847160957933764188e-26 4.893900918477494088e+03 7.019560192538130399e-27
9.847160957933764188e-26 6.210169418915616006e+03 4.930653053624281410e-16
9.847160957933764188e-26 7.880462815669912743e+03 2.049988163918286426e-06
9.847160957933764188e-26 1.000000000000000000e+04 7.160042893704350320e+01
1.193776641714435821e-25 1.000000000000000000e+01 1.915808789182703224e-103
1.193776641714435821e-25 1.268961003167922108e+01 3.455914779160185700e-112
1.193776641714435821e-25 1.610262027560939302e+01 3.990699387962837933e-117
1.193776641714435821e-25 2.043359717856941771e+01 3.187673954203540821e-117
1.193776641714435821e-25 2.592943797404667094e+01 1.118016737461669679e-112
1.193776641714435821e-25 3.290344562312667875e+01 3.937270841157124974e-105
1.193776641714435821e-25 4.175318936560400118e+01 1.273538990606752972e-96
1.193776641714435821e-25 5.298316906283707084e+01 6.097643232007861818e-89
1.193776641714435821e-25 6.723357536499334230e+01 1.403938336080789768e-83
1.193776641714435821e-25 8.531678524172805567e+01 2.463687646460326107e-81
1.193776641714435821e-25 1.082636733874054045e+02 4.994088151176267612e-82
1.193776641714435821e-25 1.373823795883263870e+02 1.215985214441065412e-84
1.193776641714435821e-25 1.743328822199987371e+02 1.276675719724674180e-87
1.193776641714435821e-25 2.212216291070450325e+02 1.219029227562160568e-89
1.193776641714435821e-25 2.807216203941175650e+02 2.136943476462327030e-90
1.193776641714435821e-25 3.562247890262444230e+02 1.633310244990134671e-90
1.193776641714435821e-25 4.520353656360240393e+02 7.663842619620212961e-91
1.193776641714435821e-25 5.736152510448681596e+02 9.548962716385076027e-92
1.193776641714435821e-25 7.278953843983146044e+02 1.089515324105584916e-92
1.193776641714435821e-25 9.236708571873865594e+02 1.937829892147632706e-92
1.193776641714435821e-25 1.172102297533480623e+03 8.311477733414717879e-90
1.193776641714435821e-25 1.487352107293511835e+03 2.598193733643012535e-84
1.193776641714435821e-25 1.887391822135097755e+03 2.303230429143411932e-76
1.193776641714435821e-25 2.395026619987485901e+03 7.405479640762053548e-67
1.193776641714435821e-25 3.039195382313198024e+03 2.150869122105437633e-56
1.193776641714435821e-25 3.856620421163472201e+03 5.901871374253334130e-45
1.193776641714435821e-25 4.893900918477494088e+03 1.306688949197681407e-32
1.193776641714435821e-25 6.210169418915616006e+03 2.815807889258461557e-20
1.193776641714435821e-25 7.880462815669912743e+03 2.440040321785087155e-09
1.193776641714435821e-25 1.000000000000000000e+04 9.207712583957812225e-01
1.447221870741134305e-25 1.000000000000000000e+01 1.185266899072235091e-119
1.447221870741134305e-25 1.268961003167922108e+01 1.355836824615758081e-129
1.447221870741134305e-25 1.610262027560939302e+01 3.298439838592597866e-135
1.447221870741134305e-25 2.043359717856941771e+01 2.554858241284123523e-135
1.447221870741134305e-25 2.592943797404667094e+01 3.757959848685399047e-130
1.447221870741134305e-25 3.290344562312667875e+01 1.430646459380240922e-121
1.447221870741134305e-25 4.175318936560400118e+01 6.778535333908341311e-112
1.447221870741134305e-25 5.298316906283707084e+01 3.659624666527967787e-103
1.447221870741134305e-25 6.723357536499334230e+01 4.573365946165149901e-97
1.447221870741134305e-25 8.531678524172805567e+01 1.629053942255448077e-94
1.447221870741134305e-25 1.082636733874054045e+02 2.653668176338583381e-95
1.447221870741134305e-25 1.373823795883263870e+02 2.833118060832665207e-98
1.447221870741134305e-25 1.743328822199987371e+02 1.162299413154046321e-101
1.447221870741134305e-25 2.212216291070450325e+02 5.868229954956595727e-104
1.447221870741134305e-25 2.807216203941175650e+02 8.103746623326794406e-105
1.447221870741134305e-25 3.562247890262444230e+02 5.969948910181943345e-105
1.447221870741134305e-25 4.520353656360240393e+02 2.525388971753493488e-105
1.447221870741134305e-25 5.736152510448681596e+02 2.365514981412480070e-106
1.447221870741134305e-25 7.278953843983146044e+02 2.004717952533027652e-107
1.447221870741134305e-25 9.236708571873865594e+02 3.858299258158843847e-107
1.447221870741134305e-25 1.172102297533480623e+03 3.796502398996956611e-104
1.447221870741134305e-25 1.487352107293511835e+03 6.717115964931326701e-98
1.447221870741134305e-25 1.887391822135097755e+03 7.306213855477768843e-89
1.447221870741134305e-25 2.395026619987485901e+03 4.714751014888379930e-78
1.447221870741134305e-25 3.039195382313198024e+03 3.716195895165990986e-66
1.447221870741134305e-25 3.856620421163472201e+03 3.765276661781832430e-53
1.447221870741134305e-25 4.893900918477494088e+03 4.099613725354945014e-39
1.447221870741134305e-25 6.210169418915616006e+03 4.331444470971916664e-25
1.447221870741134305e-25 7.880462815669912743e+03 1.185879314251167609e-12
1.447221870741134305e-25 1.000000000000000000e+04 6.709440888091419523e-03
1.754474890833459632e-25 1.000000000000000000e+01 4.539124172126194151e-138
1.754474890833459632e-25 1.268961003167922108e+01 2.256848279101280852e-149
1.754474890833459632e-25 1.610262027560939302e+01 9.345181993598522922e-156
1.754474890833459632e-25 2.043359717856941771e+01 6.989543375059255713e-156
1.754474890833459632e-25 2.592943797404667094e+01 5.247006519449506218e-150
1.754474890833459632e-25 3.290344562312667875e+01 2.991633841027910087e-140
1.754474890833459632e-25 4.175318936560400118e+01 2.998838075065029970e-129
1.754474890833459632e-25 5.298316906283707084e+01 2.543880271594750451e-119
1.754474890833459632e-25 6.723357536499334230e+01 2.175277918993081656e-112
1.754474890833459632e-25 8.531678524172805567e+01 1.732938155323573129e-109
1.754474890833459632e-25 1.082636733874054045e+02 2.201557936337173185e-110
1.754474890833459632e-25 1.373823795883263870e+02 9.205738771986097946e-114
1.754474890833459632e-25 1.743328822199987371e+02 1.297549360154503089e-117
1.754474890833459632e-25 2.212216291070450325e+02 3.174449597606397379e-120
1.754474890833459632e-25 2.807216203941175650e+02 3.342403942003702480e-121
1.754474890833459632e-25 3.562247890262444230e+02 2.361363538928322897e-121
1.754474890833459632e-25 4.520353656360240393e+02 8.878401328096658022e-122
1.754474890833459632e-25 5.736152510448681596e+02 6.012432666149904834e-123
1.754474890833459632e-25 7.278953843983146044e+02 3.633634181245604355e-124
1.754474890833459632e-25 9.236708571873865594e+02 7.649553823508967676e-124
1.754474890833459632e-25 1.172102297533480623e+03 1.934802590994342126e-120
1.754474890833459632e-25 1.487352107293511835e+03 2.456622718262398648e-113
1.754474890833459632e-25 1.887391822135097755e+03 4.621774983956756572e-103
1.754474890833459632e-25 2.395026619987485901e+03 9.026305781625579613e-91
1.754474890833459632e-25 3.039195382313198024e+03 3.034293246250094871e-77
1.754474890833459632e-25 3.856620421163472201e+03 1.860900611772019216e-62
1.754474890833459632e-25 4.893900918477494088e+03 1.698712127945563362e-46
1.754474890833459632e-25 6.210169418915616006e+03 1.499605513333714447e-30
1.754474890833459632e-25 7.880462815669912743e+03 2.081524790489967597e-16
1.754474890833459632e-25 1.000000000000000000e+04 2.560593560903535158e-05
2.126959386668691761e-25 1.000000000000000000e+01 5.362806477091399655e-159
2.126959386668691761e-25 1.268961003167922108e+01 7.543182551974891037e-172
2.126959386668691761e-25 1.610262027560939302e+01 4.171647285796571855e-179
2.126959386668691761e-25 2.043359717856941771e+01 2.998404122188353058e-179
2.126959386668691761e-25 2.592943797404667094e+01 1.436065491522034493e-172
2.126959386668691761e-25 3.290344562312667875e+01 1.776482835799761998e-161
2.126959386668691761e-25 4.175318936560400118e+01 5.722235979428035605e-149
2.126959386668691761e-25 5.298316906283707084e+01 1.112187065051036987e-137
2.126959386668691761e-25 6.723357536499334230e+01 8.468330231318090445e-130
2.126959386668691761e-25 8.531678524172805567e+01 1.684644781463234330e-126
2.126959386668691761e-25 1.082636733874054045e+02 1.613264652689531892e-127
2.126959386668691761e-25 1.373823795883263870e+02 2.323773064665385350e-131
2.126959386668691761e-25 1.743328822199987371e+02 9.721374762754558134e-136
2.126959386668691761e-25 2.212216291070450325e+02 1.043607302051388507e-138
2.126959386668691761e-25 2.807216203941175650e+02 8.072504222916992156e-140
2.126959386668691761e-25 3.562247890262444230e+02 5.438028639961268346e-140
2.126959386668691761e-25 4.520353656360240393e+02 1.788206943652984464e-140
2.126959386668691761e-25 5.736152510448681596e+02 8.374472804029006515e-142
2.126959386668691761e-25 7.278953843983146044e+02 3.445899308208688368e-143
2.126959386668691761e-25 9.236708571873865594e+02 8.033120305571216420e-143
2.126959386668691761e-25 1.172102297533480623e+03 5.943590197349191839e-139
2.126959386668691761e-25 1.487352107293511835e+03 7.093640092433301271e-131
2.126959386668691761e-25 1.887391822135097755e+03 3.410664462053124847e-119
2.126959386668691761e-25 2.395026619987485901e+03 3.215800574203592743e-105
2.126959386668691761e-25 3.039195382313198024e+03 7.708326812413711975e-90
2.126959386668691761e-25 3.856620421163472201e+03 5.019188213782613890e-73
2.126959386668691761e-25 4.893900918477494088e+03 7.045262478723417665e-55
2.126959386668691761e-25 6.210169418915616006e+03 9.526541559853917986e-37
2.126959386668691761e-25 7.880462815669912743e+03 1.147727016841452430e-20
2.126959386668691761e-25 1.000000000000000000e+04 4.681956778135070643e-08
2.578524352884276574e-25 1.000000000000000000e+01 8.855867421664285581e-183
2.578524352884276574e-25 1.268961003167922108e+01 2.162603216103191240e-197
2.578524352884276574e-25 1.610262027560939302e+01 1.212432468129082938e-205
2.578524352884276574e-25 2.043359717856941771e+01 8.329048716344468787e-206
2.578524352884276574e-25 2.592943797404667094e+01 3.280356352868177917e-198
2.578524352884276574e-25 3.290344562312667875e+01 1.341888129822254204e-185
2.578524352884276574e-25 4.175318936560400118e+01 2.233877737109511603e-171
2.578524352884276574e-25 5.298316906283707084e+01 1.527570458313393670e-158
2.578524352884276574e-25 6.723357536499334230e+01 1.397240026349751211e-149
2.578524352884276574e-25 8.531678524172805567e+01 7.867803879936318111e-146
2.578524352884276574e-25 1.082636733874054045e+02 5.463745294265147975e-147
2.578524352884276574e-25 1.373823795883263870e+02 2.342891179893295962e-151
2.578524352884276574e-25 1.743328822199987371e+02 2.463255277536088318e-156
2.578524352884276574e-25 2.212216291070450325e+02 1.036553926442515730e-159
2.578524352884276574e-25 2.807216203941175650e+02 5.646814169506526866e-161
2.578524352884276574e-25 3.562247890262444230e+02 3.603588095444842545e-161
2.578524352884276574e-25 4.520353656360240393e+02 1.017526915737444606e-161
2.578524352884276574e-25 5.736152510448681596e+02 3.133096598146107671e-163
2.578524352884276574e-25 7.278953843983146044e+02 8.327406915860614297e-165
2.578524352884276574e-25 9.236708571873865594e+02 2.179933951504652540e-164
2.578524352884276574e-25 1.172102297533480623e+03 5.465288722666633869e-160
2.578524352884276574e-25 1.487352107293511835e+03 8.333365936207484593e-151
2.578524352884276574e-25 1.887391822135097755e+03 1.596051305062229510e-137
2.578524352884276574e-25 2.395026619987485901e+03 1.235478549327601330e-121
2.578524352884276574e-25 3.039195382313198024e+03 3.788043500567416149e-104
2.578524352884276574e-25 3.856620421163472201e+03 4.960869260038910594e-85
2.578524352884276574e-25 4.893900918477494088e+03 2.133929067826252811e-64
2.578524352884276574e-25 6.210169418915616006e+03 8.803581710460651678e-44
2.578524352884276574e-25 7.880462815669912743e+03 1.696443564619028026e-25
2.578524352884276574e-25 1.000000000000000000e+04 3.707440033480362892e-11
3.125959000482284108e-25 1.000000000000000000e+01 8.309103556801889877e-210
3.125959000482284108e-25 1.268961003167922108e+01 2.022060325164465178e-226
3.125959000482284108e-25 1.610262027560939302e+01 8.399711933329669014e-236
3.125959000482284108e-25 2.043359717856941771e+01 5.481092725691411658e-236
3.125959000482284108e-25 2.592943797404667094e+01 2.368913697930659511e-227
3.125959000482284108e-25 3.290344562312667875e+01 5.174114266785664419e-213
3.125959000482284108e-25 4.175318936560400118e+01 7.641156670904042935e-197
3.125959000482284108e-25 5.298316906283707084e+01 2.993646864673219589e-182
3.125959000482284108e-25 6.723357536499334230e+01 4.623577954437361197e-172
3.125959000482284108e-25 8.531678524172805567e+01 8.497995574809110642e-168
3.125959000482284108e-25 1.082636733874054045e+02 4.095248631088504811e-169
3.125959000482284108e-25 1.373823795883263870e+02 4.428420190596175385e-174
3.125959000482284108e-25 1.743328822199987371e+02 9.684786553796916641e-180
3.125959000482284108e-25 2.212216291070450325e+02 1.405220056026133523e-183
3.125959000482284108e-25 2.807216203941175650e+02 5.138595245264776572e-185
3.125959000482284108e-25 3.562247890262444230e+02 3.083585238545758251e-185
3.125959000482284108e-25 4.520353656360240393e+02 7.322170360519570467e-186
3.125959000482284108e-25 5.736152510448681596e+02 1.399637843599888665e-187
3.125959000482284108e-25 7.278953843983146044e+02 2.263331770962185607e-189
3.125959000482284108e-25 9.236708571873865594e+02 6.759729465288836819e-189
3.125959000482284108e-25 1.172102297533480623e+03 6.787166136508085960e-184
3.125959000482284108e-25 1.487352107293511835e+03 1.874142301592495723e-173
3.125959000482284108e-25 1.887391822135097755e+03 2.368321273303268398e-158
3.125959000482284108e-25 2.395026619987485901e+03 2.752553829869185471e-140
3.125959000482284108e-25 3.039195382313198024e+03 2.097806493247199286e-120
3.125959000482284108e-25 3.856620421163472201e+03 1.142451621194481906e-98
3.125959000482284108e-25 4.893900918477494088e+03 3.298566738904324742e-75
3.125959000482284108e-25 6.210169418915616006e+03 9.088458515087419200e-52
3.125959000482284108e-25 7.880462815669912743e+03 5.612825962999447471e-31
3.125959000482284108e-25 1.000000000000000000e+04 1.133607812864867312e-14
3.789616980644723846e-25 1.000000000000000000e+01 1.591798045343562931e-240
3.789616980644723846e-25 1.268961003167922108e+01 2.053600270664076015e-259
3.789616980644723846e-25 1.610262027560939302e+01 4.425817149040464728e-270
3.789616980644723846e-25 2.043359717856941771e+01 2.723970168331237085e-270
3.789616980644723846e-25 2.592943797404667094e+01 1.793567420913667615e-260
3.789616980644723846e-25 3.290344562312667875e+01 3.606416702227541882e-244
3.789616980644723846e-25 4.175318936560400118e+01 8.732826368127215144e-226
3.789616980644723846e-25 5.298316906283707084e+01 3.412460384895625237e-209
3.789616980644723846e-25 6.723357536499334230e+01 1.310570121243836259e-197
3.789616980644723846e-25 8.531678524172805567e+01 9.245134583906855635e-193
3.789616980644723846e-25 1.082636733874054045e+02 2.940854779916866705e-194
3.789616980644723846e-25 1.373823795883263870e+02 6.640683321213571626e-200
3.789616980644723846e-25 1.743328822199987371e+02 2.436405284987857131e-206
3.789616980644723846e-25 2.212216291070450325e+02 1.053528022925369370e-210
3.789616980644723846e-25 2.807216203941175650e+02 2.448651722868084102e-212
3.789616980644723846e-25 3.562247890262444230e+02 1.370121711391411791e-212
3.789616980644723846e-25 4.520353656360240393e+02 2.671860666029149187e-213
3.789616980644723846e-25 5.736152510448681596e+02 2.970173710120390292e-215
3.789616980644723846e-25 7.278953843983146044e+02 2.729962328900280738e-217
3.789616980644723846e-25 9.236708571873865594e+02 9.471643579763859618e-217
3.789616980644723846e-25 1.172102297533480623e+03 4.605730370245897048e-211
3.789616980644723846e-25 1.487352107293511835e+03 3.424440636067309233e-199
3.789616980644723846e-25 1.887391822135097755e+03 5.067663287644782591e-182
3.789616980644723846e-25 2.395026619987485901e+03 1.756638422092819073e-161
3.789616980644723846e-25 3.039195382313198024e+03 7.083023112823119481e-139
3.789616980644723846e-25 3.856620421163472201e+03 3.663388558882368707e-114
3.789616980644723846e-25 4.893900918477494088e+03 1.731310069570899691e-87
3.789616980644723846e-25 6.210169418915616006e+03 7.763650607227047914e-61
3.789616980644723846e-25 7.880462815669912743e+03 3.386409635846810664e-37
3.789616980644723846e-25 1.000000000000000000e+04 1.174849010107316613e-18
4.594173134636485622e-25 1.000000000000000000e+01 1.944860783268032216e-275
4.594173134636485622e-25 1.268961003167922108e+01 6.490220436987089094e-297
4.594173134636485622e-25 1.610262027560939302e+01 4.839099339127027355e-309
4.594173134636485622e-25 2.043359717856941771e+01 2.786774636212772608e-309
4.594173134636485622e-25 2.592943797404667094e+01 4.059190899963261714e-298
4.594173134636485622e-25 3.290344562312667875e+01 1.395881813308610799e-279
4.594173134636485622e-25 4.175318936560400118e+01 1.114279591050332685e-258
4.594173134636485622e-25 5.298316906283707084e+01 8.156872898321201672e-240
4.594173134636485622e-25 6.723357536499334230e+01 1.209653049790712285e-226
4.594173134636485622e-25 8.531678524172805567e+01 3.937521626776925111e-221
4.594173134636485622e-25 1.082636733874054045e+02 7.810406098132109624e-223
4.594173134636485622e-25 1.373823795883263870e+02 2.971844274665728053e-229
4.594173134636485622e-25 1.743328822199987371e+02 1.432453086280450002e-236
4.594173134636485622e-25 2.212216291070450325e+02 1.563927898495976153e-241
4.594173134636485622e-25 2.807216203941175650e+02 2.171321491464510102e-243
4.594173134636485622e-25 3.562247890262444230e+02 1.122060778416410074e-243
4.594173134636485622e-25 4.520353656360240393e+02 1.749156235800877071e-244
4.594173134636485622e-25 5.736152510448681596e+02 1.049904377701501749e-246
4.594173134636485622e-25 7.278953843983146044e+02 5.076507986286035722e-249
4.594173134636485622e-25 9.236708571873865594e+02 2.088503029584564487e-248
4.594173134636485622e-25 1.172102297533480623e+03 6.104479246501418784e-242
4.594173134636485622e-25 1.487352107293511835e+03 1.918578296398501945e-228
4.594173134636485622e-25 1.887391822135097755e+03 6.383659290861792657e-209
4.594173134636485622e-25 2.395026619987485901e+03 1.440181942059223797e-185
4.594173134636485622e-25 3.039195382313198024e+03 7.251778269629889769e-160
4.594173134636485622e-25 3.856620421163472201e+03 9.109235800633256802e-132
4.594173134636485622e-25 4.893900918477494088e+03 1.941494131626001380e-101
4.594173134636485622e-25 6.210169418915616006e+03 3.900963105662321854e-71
4.594173134636485622e-25 7.880462815669912743e+03 2.951179173121237581e-44
4.594173134636485622e-25 1.000000000000000000e+04 3.558595670773780181e-23
5.569540905800147843e-25 1.000000000000000000e+01 4.036500452193783387e-315
5.569540905800147843e-25 1.268961003167922108e+01 0.000000000000000000e+00
5.569540905800147843e-25 1.610262027560939302e+01 0.000000000000000000e+00
5.569540905800147843e-25 2.043359717856941771e+01 0.000000000000000000e+00
5.569540905800147843e-25 2.592943797404667094e+01 0.000000000000000000e+00
5.569540905800147843e-25 3.290344562312667875e+01 7.840821799500582656e-320
5.569540905800147843e-25 4.175318936560400118e+01 4.564880396235772255e-296
5.569540905800147843e-25 5.298316906283707084e+01 1.281771094411980025e-274
5.569540905800147843e-25 6.723357536499334230e+01 1.210588993877586652e-259
5.569540905800147843e-25 8.531678524172805567e+01 2.241907754038458051e-253
5.569540905800147843e-25 1.082636733874054045e+02 2.599375112004491648e-255
5.569540905800147843e-25 1.373823795883263870e+02 1.305928282562311748e-262
5.569540905800147843e-25 1.743328822199987371e+02 6.262853907974768412e-271
5.569540905800147843e-25 2.212216291070450325e+02 1.429832306553485456e-276
5.569540905800147843e-25 2.807216203941175650e+02 1.105027805445378128e-278
5.569540905800147843e-25 3.562247890262444230e+02 5.216693759325746516e-279
5.569540905800147843e-25 4.520353656360240393e+02 6.304458289866098318e-280
5.569540905800147843e-25 5.736152510448681596e+02 1.877879762443066686e-282
5.569540905800147843e-25 7.278953843983146044e+02 4.374416544331739885e-285
5.569540905800147843e-25 9.236708571873865594e+02 2.184368962203822974e-284
5.569540905800147843e-25 1.172102297533480623e+03 4.906318381184769607e-277
5.569540905800147843e-25 1.487352107293511835e+03 1.088460136226025666e-261
5.569540905800147843e-25 1.887391822135097755e+03 1.709478355737380809e-239
5.569540905800147843e-25 2.395026619987485901e+03 6.095220080462785777e-213
5.569540905800147843e-25 3.039195382313198024e+03 1.017587581424067098e-183
5.569540905800147843e-25 3.856620421163472201e+03 9.028365274504298081e-152
5.569540905800147843e-25 4.893900918477494088e+03 2.747027411820348340e-117
5.569540905800147843e-25 6.210169418915616006e+03 7.821588761850467552e-83
5.569540905800147843e-25 7.880462815669912743e+03 2.850168339252139412e-52
5.569540905800147843e-25 1.000000000000000000e+04 2.661887915996028532e-28
6.751984523072521808e-25 1.000000000000000000e+01 0.000000000000000000e+00
6.751984523072521808e-25 1.268961003167922108e+01 0.000000000000000000e+00
6.751984523072521808e-25 1.610262027560939302e+01 0.000000000000000000e+00
6.751984523072521808e-25 2.043359717856941771e+01 0.000000000000000000e+00
6.751984523072521808e-25 2.592943797404667094e+01 0.000000000000000000e+00
6.751984523072521808e-25 3.290344562312667875e+01 0.000000000000000000e+00
6.751984523072521808e-25 4.175318936560400118e+01 0.000000000000000000e+00
6.751984523072521808e-25 5.298316906283707084e+01 3.541440362878163082e-314
6.751984523072521808e-25 6.723357536499334230e+01 3.762528492506398432e-297
6.751984523072521808e-25 8.531678524172805567e+01 5.029965532172627404e-290
6.751984523072521808e-25 1.082636733874054045e+02 3.167233775158096772e-292
6.751984523072521808e-25 1.373823795883263870e+02 1.592238149652492524e-300
6.751984523072521808e-25 1.743328822199987371e+02 5.538703369351020231e-310
6.751984523072521808e-25 2.212216291070450325e+02 2.134140519395087748e-316
6.751984523072521808e-25 2.807216203941175650e+02 8.473225826177378233e-319
6.751984523072521808e-25 3.562247890262444230e+02 3.609297762564058379e-319
6.751984523072521808e-25 4.520353656360240393e+02 3.265773919010639657e-320
6.751984523072521808e-25 5.736152510448681596e+02 4.446590812571218898e-323
6.751984523072521808e-25 7.278953843983146044e+02 0.000000000000000000e+00
6.751984523072521808e-25 9.236708571873865594e+02 0.000000000000000000e+00
6.751984523072521808e-25 1.172102297533480623e+03 6.325115353613306318e-317
6.751984523072521808e-25 1.487352107293511835e+03 1.774328959338206218e-299
6.751984523072521808e-25 1.887391822135097755e+03 3.056645191515880107e-274
6.751984523072521808e-25 2.395026619987485901e+03 4.723039227269523292e-244
6.751984523072521808e-25 3.039195382313198024e+03 7.934127917763632637e-211
6.751984523072521808e-25 3.856620421163472201e+03 1.673620139986626120e-174
6.751984523072521808e-25 4.893900918477494088e+03 2.694529034619925734e-135
6.751984523072521808e-25 6.210169418915616006e+03 4.025730756624897468e-96
6.751984523072521808e-25 7.880462815669912743e+03 2.256965183257164740e-61
6.751984523072521808e-25 1.000000000000000000e+04 4.060072489776779439e-34
8.185467307069054647e-25 1.000000000000000000e+01 0.000000000000000000e+00
8.185467307069054647e-25 1.268961003167922108e+01 0.000000000000000000e+00
8.185467307069054647e-25 1.610262027560939302e+01 0.000000000000000000e+00
8.185467307069054647e-25 2.043359717856941771e+01 0.000000000000000000e+00
8.185467307069054647e-25 2.592943797404667094e+01 0.000000000000000000e+00
8.185467307069054647e-25 3.290344562312667875e+01 0.000000000000000000e+00
8.185467307069054647e-25 4.175318936560400118e+01 0.000000000000000000e+00
8.185467307069054647e-25 5.298316906283707084e+01 0.000000000000000000e+00
8.185467307069054647e-25 6.723357536499334230e+01 0.000000000000000000e+00
8.185467307069054647e-25 8.531678524172805567e+01 0.000000000000000000e+00
8.185467307069054647e-25 1.082636733874054045e+02 0.000000000000000000e+00
8.185467307069054647e-25 1.373823795883263870e+02 0.000000000000000000e+00
8.185467307069054647e-25 1.743328822199987371e+02 0.000000000000000000e+00
8.185467307069054647e-25 2.212216291070450325e+02 0.000000000000000000e+00
8.185467307069054647e-25 2.807216203941175650e+02 0.000000000000000000e+00
8.185467307069054647e-25 3.562247890262444230e+02 0.000000000000000000e+00
8.185467307069054647e-25 4.520353656360240393e+02 0.000000000000000000e+00
8.185467307069054647e-25 5.736152510448681596e+02 0.000000000000000000e+00
8.185467307069054647e-25 7.278953843983146044e+02 0.000000000000000000e+00
8.185467307069054647e-25 9.236708571873865594e+02 0.000000000000000000e+00
8.185467307069054647e-25 1.172102297533480623e+03 0.000000000000000000e+00
8.185467307069054647e-25 1.487352107293511835e+03 0.000000000000000000e+00
8.185467307069054647e-25 1.887391822135097755e+03 9.781180981686697056e-314
8.185467307069054647e-25 2.395026619987485901e+03 2.061983605171072871e-279
8.185467307069054647e-25 3.039195382313198024e+03 1.231479375662115168e-241
8.185467307069054647e-25 3.856620421163472201e+03 2.454792723055044255e-200
8.185467307069054647e-25 4.893900918477494088e+03 9.274831546238134368e-156
8.185467307069054647e-25 6.210169418915616006e+03 3.221010083799084493e-111
8.185467307069054647e-25 7.880462815669912743e+03 1.040400923868288147e-71
8.185467307069054647e-25 1.000000000000000000e+04 1.015634711071001776e-40
9.923286228832585621e-25 1.000000000000000000e+01 0.000000000000000000e+00
9.923286228832585621e-25 1.268961003167922108e+01 0.000000000000000000e+00
9.923286228832585621e-25 1.610262027560939302e+01 0.000000000000000000e+00
9.923286228832585621e-25 2.043359717856941771e+01 0.000000000000000000e+00
9.923286228832585621e-25 2.592943797404667094e+01 0.000000000000000000e+00
9.923286228832585621e-25 3.290344562312667875e+01 0.000000000000000000e+00
9.923286228832585621e-25 4.175318936560400118e+01 0.000000000000000000e+00
9.923286228832585621e-25 5.298316906283707084e+01 0.000000000000000000e+00
9.923286228832585621e-25 6.723357536499334230e+01 0.000000000000000000e+00
9.923286228832585621e-25 8.531678524172805567e+01 0.000000000000000000e+00
9.923286228832585621e-25 1.082636733874054045e+02 0.000000000000000000e+00
9.923286228832585621e-25 1.373823795883263870e+02 0.000000000000000000e+00
9.923286228832585621e-25 1.743328822199987371e+02 0.000000000000000000e+00
9.923286228832585621e-25 2.212216291070450325e+02 0.000000000000000000e+00
9.923286228832585621e-25 2.807216203941175650e+02 0.000000000000000000e+00
9.923286228832585621e-25 3.562247890262444230e+02 0.000000000000000000e+00
9.923286228832585621e-25 4.520353656360240393e+02 0.000000000000000000e+00
9.923286228832585621e-25 5.736152510448681596e+02 0.000000000000000000e+00
9.923286228832585621e-25 7.278953843983146044e+02 0.000000000000000000e+00
9.923286228832585621e-25 9.236708571873865594e+02 0.000000000000000000e+00
9.923286228832585621e-25 1.172102297533480623e+03 0.000000000000000000e+00
9.923286228832585621e-25 1.487352107293511835e+03 0.000000000000000000e+00
9.923286228832585621e-25 1.887391822135097755e+03 0.000000000000000000e+00
9.923286228832585621e-25 2.395026619987485901e+03 1.328196675715023085e-319
9.923286228832585621e-25 3.039195382313198024e+03 1.184414769684993048e-276
9.923286228832585621e-25 3.856620421163472201e+03 1.071288758599864505e-229
9.923286228832585621e-25 4.893900918477494088e+03 5.165925158822393543e-179
9.923286228832585621e-25 6.210169418915616006e+03 2.265042605207494541e-128
9.923286228832585621e-25 7.880462815669912743e+03 1.891332288591418505e-83
9.923286228832585621e-25 1.000000000000000000e+04 3.252940023952425317e-48
1.203005349423319373e-24 1.000000000000000000e+01 0.000000000000000000e+00
1.203005349423319373e-24 1.268961003167922108e+01 0.000000000000000000e+00
1.203005349423319373e-24 1.610262027560939302e+01 0.000000000000000000e+00
1.203005349423319373e-24 2.043359717856941771e+01 0.000000000000000000e+00
1.203005349423319373e-24 2.592943797404667094e+01 0.000000000000000000e+00
1.203005349423319373e-24 3.290344562312667875e+01 0.000000000000000000e+00
1.203005349423319373e-24 4.175318936560400118e+01 0.000000000000000000e+00
1.203005349423319373e-24 5.298316906283707084e+01 0.000000000000000000e+00
1.203005349423319373e-24 6.723357536499334230e+01 0.000000000000000000e+00
1.203005349423319373e-24 8.531678524172805567e+01 0.000000000000000000e+00
1.203005349423319373e-24 1.082636733874054045e+02 0.000000000000000000e+00
1.203005349423319373e-24 1.373823795883263870e+02 0.000000000000000000e+00
1.203005349423319373e-24 1.743328822199987371e+02 0.000000000000000000e+00
1.203005349423319373e-24 2.212216291070450325e+02 0.000000000000000000e+00
1.203005349423319373e-24 2.807216203941175650e+02 0.000000000000000000e+00
1.203005349423319373e-24 3.562247890262444230e+02 0.000000000000000000e+00
1.203005349423319373e-24 4.520353656360240393e+02 0.000000000000000000e+00
1.203005349423319373e-24 5.736152510448681596e+02 0.000000000000000000e+00
1.203005349423319373e-24 7.278953843983146044e+02 0.000000000000000000e+00
1.203005349423319373e-24 9.236708571873865594e+02 0.000000000000000000e+00
1.203005349423319373e-24 1.172102297533480623e+03 0.000000000000000000e+00
1.203005349423319373e-24 1.487352107293511835e+03 0.000000000000000000e+00
1.203005349423319373e-24 1.887391822135097755e+03 0.000000000000000000e+00
1.203005349423319373e-24 2.395026619987485901e+03 0.000000000000000000e+00
1.203005349423319373e-24 3.039195382313198024e+03 1.872682066560320928e-316
1.203005349423319373e-24 3.856620421163472201e+03 4.574910073042030907e-263
1.203005349423319373e-24 4.893900918477494088e+03 1.931008965538473903e-205
1.203005349423319373e-24 6.210169418915616006e+03 7.320146847529879889e-148
1.203005349423319373e-24 7.880462815669912743e+03 8.708302553133414989e-97
1.203005349423319373e-24 1.000000000000000000e+04 1.006697200773433481e-56
1.458409882943980355e-24 1.000000000000000000e+01 0.000000000000000000e+00
1.458409882943980355e-24 1.268961003167922108e+01 0.000000000000000000e+00
1.458409882943980355e-24 1.610262027560939302e+01 0.000000000000000000e+00
1.458409882943980355e-24 2.043359717856941771e+01 0.000000000000000000e+00
1.458409882943980355e-24 2.592943797404667094e+01 0.000000000000000000e+00
1.458409882943980355e-24 3.290344562312667875e+01 0.000000000000000000e+00
1.458409882943980355e-24 4.175318936560400118e+01 0.000000000000000000e+00
1.458409882943980355e-24 5.298316906283707084e+01 0.000000000000000000e+00
1.458409882943980355e-24 6.723357536499334230e+01 0.000000000000000000e+00
1.458409882943980355e-24 8.531678524172805567e+01 0.000000000000000000e+00
1.458409882943980355e-24 1.082636733874054045e+02 0.000000000000000000e+00
1.458409882943980355e-24 1.373823795883263870e+02 0.000000000000000000e+00
1.458409882943980355e-24 1.743328822199987371e+02 0.000000000000000000e+00
1.458409882943980355e-24 2.212216291070450325e+02 0.000000000000000000e+00
1.458409882943980355e-24 2.807216203941175650e+02 0.000000000000000000e+00
1.458409882943980355e-24 3.562247890262444230e+02 0.000000000000000000e+00
1.458409882943980355e-24 4.520353656360240393e+02 0.000000000000000000e+00
1.458409882943980355e-24 5.736152510448681596e+02 0.000000000000000000e+00
1.458409882943980355e-24 7.278953843983146044e+02 0.000000000000000000e+00
1.458409882943980355e-24 9.236708571873865594e+02 0.000000000000000000e+00
1.458409882943980355e-24 1.172102297533480623e+03 0.000000000000000000e+00
1.458409882943980355e-24 1.487352107293511835e+03 0.000000000000000000e+00
1.458409882943980355e-24 1.887391822135097755e+03 0.000000000000000000e+00
1.458409882943980355e-24 2.395026619987485901e+03 0.000000000000000000e+00
1.458409882943980355e-24 3.039195382313198024e+03 0.000000000000000000e+00
1.458409882943980355e-24 3.856620421163472201e+03 5.399498816847782150e-301
1.458409882943980355e-24 4.893900918477494088e+03 1.780918609755514693e-235
1.458409882943980355e-24 6.210169418915616006e+03 5.202145045177752314e-170
1.458409882943980355e-24 7.880462815669912743e+03 6.138617807369096447e-112
1.458409882943980355e-24 1.000000000000000000e+04 2.185814278049073794e-66
1.768038178457201516e-24 1.000000000000000000e+01 0.000000000000000000e+00
1.768038178457201516e-24 1.268961003167922108e+01 0.000000000000000000e+00
1.768038178457201516e-24 1.610262027560939302e+01 0.000000000000000000e+00
1.768038178457201516e-24 2.043359717856941771e+01 0.000000000000000000e+00
1.768038178457201516e-24 2.592943797404667094e+01 0.000000000000000000e+00
1.768038178457201516e-24 3.290344562312667875e+01 0.000000000000000000e+00
1.768038178457201516e-24 4.175318936560400118e+01 0.000000000000000000e+00
1.768038178457201516e-24 5.298316906283707084e+01 0.000000000000000000e+00
1.768038178457201516e-24 6.723357536499334230e+01 0.000000000000000000e+00
1.768038178457201516e-24 8.531678524172805567e+01 0.000000000000000000e+00
1.768038178457201516e-24 1.082636733874054045e+02 0.000000000000000000e+00
1.768038178457201516e-24 1.373823795883263870e+02 0.000000000000000000e+00
1.768038178457201516e-24 1.743328822199987371e+02 0.000000000000000000e+00
1.768038178457201516e-24 2.212216291070450325e+02 0.000000000000000000e+00
1.768038178457201516e-24 2.807216203941175650e+02 0.000000000000000000e+00
1.768038178457201516e-24 3.562247890262444230e+02 0.000000000000000000e+00
1.768038178457201516e-24 4.520353656360240393e+02 0.000000000000000000e+00
1.768038178457201516e-24 5.736152510448681596e+02 0.000000000000000000e+00
1.768038178457201516e-24 7.278953843983146044e+02 0.000000000000000000e+00
1.768038178457201516e-24 9.236708571873865594e+02 0.000000000000000000e+00
1.768038178457201516e-24 1.172102297533480623e+03 0.000000000000000000e+00
1.768038178457201516e-24 1.487352107293511835e+03 0.000000000000000000e+00
1.768038178457201516e-24 1.887391822135097755e+03 0.000000000000000000e+00
1.768038178457201516e-24 2.395026619987485901e+03 0.000000000000000000e+00
1.768038178457201516e-24 3.039195382313198024e+03 0.000000000000000000e+00
1.768038178457201516e-24 3.856620421163472201e+03 0.000000000000000000e+00
1.768038178457201516e-24 4.893900918477494088e+03 1.299099854033506788e-269
1.768038178457201516e-24 6.210169418915616006e+03 3.516262854930668189e-195
1.768038178457201516e-24 7.880462815669912743e+03 3.737756079696853905e-129
1.768038178457201516e-24 1.000000000000000000e+04 2.314150021952152315e-77
2.143402233514850107e-24 1.000000000000000000e+01 0.000000000000000000e+00
2.143402233514850107e-24 1.268961003167922108e+01 0.000000000000000000e+00
2.143402233514850107e-24 1.610262027560939302e+01 0.000000000000000000e+00
2.143402233514850107e-24 2.043359717856941771e+01 0.000000000000000000e+00
2.143402233514850107e-24 2.592943797404667094e+01 0.000000000000000000e+00
2.143402233514850107e-24 3.290344562312667875e+01 0.000000000000000000e+00
2.143402233514850107e-24 4.175318936560400118e+01 0.000000000000000000e+00
2.143402233514850107e-24 5.298316906283707084e+01 0.000000000000000000e+00
2.143402233514850107e-24 6.723357536499334230e+01 0.000000000000000000e+00
2.143402233514850107e-24 8.531678524172805567e+01 0.000000000000000000e+00
2.143402233514850107e-24 1.082636733874054045e+02 0.000000000000000000e+00
2.143402233514850107e-24 1.373823795883263870e+02 0.000000000000000000e+00
2.143402233514850107e-24 1.743328822199987371e+02 0.000000000000000000e+00
2.143402233514850107e-24 2.212216291070450325e+02 0.000000000000000000e+00
2.143402233514850107e-24 2.807216203941175650e+02 0.000000000000000000e+00
2.143402233514850107e-24 3.562247890262444230e+02 0.000000000000000000e+00
2.143402233514850107e-24 4.520353656360240393e+02 0.000000000000000000e+00
2.143402233514850107e-24 5.736152510448681596e+02 0.000000000000000000e+00
2.143402233514850107e-24 7.278953843983146044e+02 0.000000000000000000e+00
2.143402233514850107e-24 9.236708571873865594e+02 0.000000000000000000e+00
2.143402233514850107e-24 1.172102297533480623e+03 0.000000000000000000e+00
2.143402233514850107e-24 1.487352107293511835e+03 0.000000000000000000e+00
2.143402233514850107e-24 1.887391822135097755e+03 0.000000000000000000e+00
2.143402233514850107e-24 2.395026619987485901e+03 0.000000000000000000e+00
2.143402233514850107e-24 3.039195382313198024e+03 0.000000000000000000e+00
2.143402233514850107e-24 3.856620421163472201e+03 0.000000000000000000e+00
2.143402233514850107e-24 4.893900918477494088e+03 2.056031819240052581e-308
2.143402233514850107e-24 6.210169418915616006e+03 8.717378787534649567e-224
2.143402233514850107e-24 7.880462815669912743e+03 1.025522173621091533e-148
2.143402233514850107e-24 1.000000000000000000e+04 7.898852074389032751e-90
2.598458104929242015e-24 1.000000000000000000e+01 0.000000000000000000e+00
2.598458104929242015e-24 1.268961003167922108e+01 0.000000000000000000e+00
2.598458104929242015e-24 1.610262027560939302e+01 0.000000000000000000e+00
2.598458104929242015e-24 2.043359717856941771e+01 0.000000000000000000e+00
2.598458104929242015e-24 2.592943797404667094e+01 0.000000000000000000e+00
2.598458104929242015e-24 3.290344562312667875e+01 0.000000000000000000e+00
2.598458104929242015e-24 4.175318936560400118e+01 0.000000000000000000e+00
2.598458104929242015e-24 5.298316906283707084e+01 0.000000000000000000e+00
2.598458104929242015e-24 6.723357536499334230e+01 0.000000000000000000e+00
2.598458104929242015e-24 8.531678524172805567e+01 0.000000000000000000e+00
2.598458104929242015e-24 1.082636733874054045e+02 0.000000000000000000e+00
2.598458104929242015e-24 1.373823795883263870e+02 0.000000000000000000e+00
2.598458104929242015e-24 1.743328822199987371e+02 0.000000000000000000e+00
2.598458104929242015e-24 2.212216291070450325e+02 0.000000000000000000e+00
2.598458104929242015e-24 2.807216203941175650e+02 0.000000000000000000e+00
2.598458104929242015e-24 3.562247890262444230e+02 0.000000000000000000e+00
2.598458104929242015e-24 4.520353656360240393e+02 0.000000000000000000e+00
2.598458104929242015e-24 5.736152510448681596e+02 0.000000000000000000e+00
2.598458104929242015e-24 7.278953843983146044e+02 0.000000000000000000e+00
2.598458104929242015e-24 9.236708571873865594e+02 0.000000000000000000e+00
2.598458104929242015e-24 1.172102297533480623e+03 0.000000000000000000e+00
2.598458104929242015e-24 1.487352107293511835e+03 0.000000000000000000e+00
2.598458104929242015e-24 1.887391822135097755e+03 0.000000000000000000e+00
2.598458104929242015e-24 2.395026619987485901e+03 0.000000000000000000e+00
2.598458104929242015e-24 3.039195382313198024e+03 0.000000000000000000e+00
2.598458104929242015e-24 3.856620421163472201e+03 0.000000000000000000e+00
2.598458104929242015e-24 4.893900918477494088e+03 0.000000000000000000e+00
2.598458104929242015e-24 6.210169418915616006e+03 2.682820556341688427e-256
2.598458104929242015e-24 7.880462815669912743e+03 6.050064139914529922e-171
2.598458104929242015e-24 1.000000000000000000e+04 5.430693366021306052e-104
3.150124795755321438e-24 1.000000000000000000e+01 0.000000000000000000e+00
3.150124795755321438e-24 1.268961003167922108e+01 0.000000000000000000e+00
3.150124795755321438e-24 1.610262027560939302e+01 0.000000000000000000e+00
3.150124795755321438e-24 2.043359717856941771e+01 0.000000000000000000e+00
3.150124795755321438e-24 2.592943797404667094e+01 0.000000000000000000e+00
3.150124795755321438e-24 3.290344562312667875e+01 0.000000000000000000e+00
3.150124795755321438e-24 4.175318936560400118e+01 0.000000000000000000e+00
3.150124795755321438e-24 5.298316906283707084e+01 0.000000000000000000e+00
3.150124795755321438e-24 6.723357536499334230e+01 0.000000000000000000e+00
3.150124795755321438e-24 8.531678524172805567e+01 0.000000000000000000e+00
3.150124795755321438e-24 1.082636733874054045e+02 0.000000000000000000e+00
3.150124795755321438e-24 1.373823795883263870e+02 0.000000000000000000e+00
3.150124795755321438e-24 1.743328822199987371e+02 0.000000000000000000e+00
3.150124795755321438e-24 2.212216291070450325e+02 0.000000000000000000e+00
3.150124795755321438e-24 2.807216203941175650e+02 0.000000000000000000e+00
3.150124795755321438e-24 3.562247890262444230e+02 0.000000000000000000e+00
3.150124795755321438e-24 4.520353656360240393e+02 0.000000000000000000e+00
3.150124795755321438e-24 5.736152510448681596e+02 0.000000000000000000e+00
3.150124795755321438e-24 7.278953843983146044e+02 0.000000000000000000e+00
3.150124795755321438e-24 9.236708571873865594e+02 0.000000000000000000e+00
3.150124795755321438e-24 1.172102297533480623e+03 0.000000000000000000e+00
3.150124795755321438e-24 1.487352107293511835e+03 0.000000000000000000e+00
3.150124795755321438e-24 1.887391822135097755e+03 0.000000000000000000e+00
3.150124795755321438e-24 2.395026619987485901e+03 0.000000000000000000e+00
3.150124795755321438e-24 3.039195382313198024e+03 0.000000000000000000e+00
3.150124795755321438e-24 3.856620421163472201e+03 0.000000000000000000e+00
3.150124795755321438e-24 4.893900918477494088e+03 0.000000000000000000e+00
3.150124795755321438e-24 6.210169418915616006e+03 2.990599636530405951e-293
3.150124795755321438e-24 7.880462815669912743e+03 3.309321938722301563e-196
3.150124795755321438e-24 1.000000000000000000e+04 4.405695866850784967e-120
3.818913304781846524e-24 1.000000000000000000e+01 0.000000000000000000e+00
3.818913304781846524e-24 1.268961003167922108e+01 0.000000000000000000e+00
3.818913304781846524e-24 1.610262027560939302e+01 0.000000000000000000e+00
3.818913304781846524e-24 2.043359717856941771e+01 0.000000000000000000e+00
3.818913304781846524e-24 2.592943797404667094e+01 0.000000000000000000e+00
3.818913304781846524e-24 3.290344562312667875e+01 0.000000000000000000e+00
3.818913304781846524e-24 4.175318936560400118e+01 0.000000000000000000e+00
3.818913304781846524e-24 5.298316906283707084e+01 0.000000000000000000e+00
3.818913304781846524e-24 6.723357536499334230e+01 0.000000000000000000e+00
3.818913304781846524e-24 8.531678524172805567e+01 0.000000000000000000e+00
3.818913304781846524e-24 1.082636733874054045e+02 0.000000000000000000e+00
3.818913304781846524e-24 1.373823795883263870e+02 0.000000000000000000e+00
3.818913304781846524e-24 1.743328822199987371e+02 0.000000000000000000e+00
3.818913304781846524e-24 2.212216291070450325e+02 0.000000000000000000e+00
3.818913304781846524e-24 2.807216203941175650e+02 0.000000000000000000e+00
3.818913304781846524e-24 3.562247890262444230e+02 0.000000000000000000e+00
3.818913304781846524e-24 4.520353656360240393e+02 0.000000000000000000e+00
3.818913304781846524e-24 5.736152510448681596e+02 0.000000000000000000e+00
3.818913304781846524e-24 7.278953843983146044e+02 0.000000000000000000e+00
3.818913304781846524e-24 9.236708571873865594e+02 0.000000000000000000e+00
3.818913304781846524e-24 1.172102297533480623e+03 0.000000000000000000e+00
3.818913304781846524e-24 1.487352107293511835e+03 0.000000000000000000e+00
3.818913304781846524e-24 1.887391822135097755e+03 0.000000000000000000e+00
3.818913304781846524e-24 2.395026619987485901e+03 0.000000000000000000e+00
3.818913304781846524e-24 3.039195382313198024e+03 0.000000000000000000e+00
3.818913304781846524e-24 3.856620421163472201e+03 0.000000000000000000e+00
3.818913304781846524e-24 4.893900918477494088e+03 0.000000000000000000e+00
3.818913304781846524e-24 6.210169418915616006e+03 0.000000000000000000e+00
3.818913304781846524e-24 7.880462815669912743e+03 6.449638099863094350e-225
3.818913304781846524e-24 1.000000000000000000e+04 2.296064157977821863e-138
4.629689226627258191e-24 1.000000000000000000e+01 0.000000000000000000e+00
4.629689226627258191e-24 1.268961003167922108e+01 0.000000000000000000e+00
4.629689226627258191e-24 1.610262027560939302e+01 0.000000000000000000e+00
4.629689226627258191e-24 2.043359717856941771e+01 0.000000000000000000e+00
4.629689226627258191e-24 2.592943797404667094e+01 0.000000000000000000e+00
4.629689226627258191e-24 3.290344562312667875e+01 0.000000000000000000e+00
4.629689226627258191e-24 4.175318936560400118e+01 0.000000000000000000e+00
4.629689226627258191e-24 5.298316906283707084e+01 0.000000000000000000e+00
4.629689226627258191e-24 6.723357536499334230e+01 0.000000000000000000e+00
4.629689226627258191e-24 8.531678524172805567e+01 0.000000000000000000e+00
4.629689226627258191e-24 1.082636733874054045e+02 0.000000000000000000e+00
4.629689226627258191e-24 1.373823795883263870e+02 0.000000000000000000e+00
4.629689226627258191e-24 1.743328822199987371e+02 0.000000000000000000e+00
4.629689226627258191e-24 2.212216291070450325e+02 0.000000000000000000e+00
4.629689226627258191e-24 2.807216203941175650e+02 0.000000000000000000e+00
4.629689226627258191e-24 3.562247890262444230e+02 0.000000000000000000e+00
4.629689226627258191e-24 4.520353656360240393e+02 0.000000000000000000e+00
4.629689226627258191e-24 5.736152510448681596e+02 0.000000000000000000e+00
4.629689226627258191e-24 7.278953843983146044e+02 0.000000000000000000e+00
4.629689226627258191e-24 9.236708571873865594e+02 0.000000000000000000e+00
4.629689226627258191e-24 1.172102297533480623e+03 0.000000000000000000e+00
4.629689226627258191e-24 1.487352107293511835e+03 0.000000000000000000e+00
4.629689226627258191e-24 1.887391822135097755e+03 0.000000000000000000e+00
4.629689226627258191e-24 2.395026619987485901e+03 0.000000000000000000e+00
4.629689226627258191e-24 3.039195382313198024e+03 0.000000000000000000e+00
4.629689226627258191e-24 3.856620421163472201e+03 0.000000000000000000e+00
4.629689226627258191e-24 4.893900918477494088e+03 0.000000000000000000e+00
4.629689226627258191e-24 6.210169418915616006e+03 0.000000000000000000e+00
4.629689226627258191e-24 7.880462815669912743e+03 1.509803381116899327e-257
4.629689226627258191e-24 1.000000000000000000e+04 3.850733376511613427e-159
5.612597255954965668e-24 1.000000000000000000e+01 0.000000000000000000e+00
5.612597255954965668e-24 1.268961003167922108e+01 0.000000000000000000e+00
5.612597255954965668e-24 1.610262027560939302e+01 0.000000000000000000e+00
5.612597255954965668e-24 2.043359717856941771e+01 0.000000000000000000e+00
5.612597255954965668e-24 2.592943797404667094e+01 0.000000000000000000e+00
5.612597255954965668e-24 3.290344562312667875e+01 0.000000000000000000e+00
5.612597255954965668e-24 4.175318936560400118e+01 0.000000000000000000e+00
5.612597255954965668e-24 5.298316906283707084e+01 0.000000000000000000e+00
5.612597255954965668e-24 6.723357536499334230e+01 0.000000000000000000e+00
5.612597255954965668e-24 8.531678524172805567e+01 0.000000000000000000e+00
5.612597255954965668e-24 1.082636733874054045e+02 0.000000000000000000e+00
5.612597255954965668e-24 1.373823795883263870e+02 0.000000000000000000e+00
5.612597255954965668e-24 1.743328822199987371e+02 0.000000000000000000e+00
5.612597255954965668e-24 2.212216291070450325e+02 0.000000000000000000e+00
5.612597255954965668e-24 2.807216203941175650e+02 0.000000000000000000e+00
5.612597255954965668e-24 3.562247890262444230e+02 0.000000000000000000e+00
5.612597255954965668e-24 4.520353656360240393e+02 0.000000000000000000e+00
5.612597255954965668e-24 5.736152510448681596e+02 0.000000000000000000e+00
5.612597255954965668e-24 7.278953843983146044e+02 0.000000000000000000e+00
5.612597255954965668e-24 9.236708571873865594e+02 0.000000000000000000e+00
5.612597255954965668e-24 1.172102297533480623e+03 0.000000000000000000e+00
5.612597255954965668e-24 1.487352107293511835e+03 0.000000000000000000e+00
5.612597255954965668e-24 1.887391822135097755e+03 0.000000000000000000e+00
5.612597255954965668e-24 2.395026619987485901e+03 0.000000000000000000e+00
5.612597255954965668e-24 3.039195382313198024e+03 0.000000000000000000e+00
5.612597255954965668e-24 3.856620421163472201e+03 0.000000000000000000e+00
5.612597255954965668e-24 4.893900918477494088e+03 0.000000000000000000e+00
5.612597255954965668e-24 6.210169418915616006e+03 0.000000000000000000e+00
5.612597255954965668e-24 7.880462815669912743e+03 1.233087502501083650e-294
5.612597255954965668e-24 1.000000000000000000e+04 9.470159260740238645e-183
6.804181968927094249e-24 1.000000000000000000e+01 0.000000000000000000e+00
6.804181968927094249e-24 1.268961003167922108e+01 0.000000000000000000e+00
6.804181968927094249e-24 1.610262027560939302e+01 0.000000000000000000e+00
6.804181968927094249e-24 2.043359717856941771e+01 0.000000000000000000e+00
6.804181968927094249e-24 2.592943797404667094e+01 0.000000000000000000e+00
6.804181968927094249e-24 3.290344562312667875e+01 0.000000000000000000e+00
6.804181968927094249e-24 4.175318936560400118e+01 0.000000000000000000e+00
6.804181968927094249e-24 5.298316906283707084e+01 0.000000000000000000e+00
6.804181968927094249e-24 6.723357536499334230e+01 0.000000000000000000e+00
6.804181968927094249e-24 8.531678524172805567e+01 0.000000000000000000e+00
6.804181968927094249e-24 1.082636733874054045e+02 0.000000000000000000e+00
6.804181968927094249e-24 1.373823795883263870e+02 0.000000000000000000e+00
6.804181968927094249e-24 1.743328822199987371e+02 0.000000000000000000e+00
6.804181968927094249e-24 2.212216291070450325e+02 0.000000000000000000e+00
6.804181968927094249e-24 2.807216203941175650e+02 0.000000000000000000e+00
6.804181968927094249e-24 3.562247890262444230e+02 0.000000000000000000e+00
6.804181968927094249e-24 4.520353656360240393e+02 0.000000000000000000e+00
6.804181968927094249e-24 5.736152510448681596e+02 0.000000000000000000e+00
6.804181968927094249e-24 7.278953843983146044e+02 0.000000000000000000e+00
6.804181968927094249e-24 9.236708571873865594e+02 0.000000000000000000e+00
6.804181968927094249e-24 1.172102297533480623e+03 0.000000000000000000e+00
6.804181968927094249e-24 1.487352107293511835e+03 0.000000000000000000e+00
6.804181968927094249e-24 1.887391822135097755e+03 0.000000000000000000e+00
6.804181968927094249e-24 2.395026619987485901e+03 0.000000000000000000e+00
6.804181968927094249e-24 3.039195382313198024e+03 0.000000000000000000e+00
6.804181968927094249e-24 3.856620421163472201e+03 0.000000000000000000e+00
6.804181968927094249e-24 4.893900918477494088e+03 0.000000000000000000e+00
6.804181968927094249e-24 6.210169418915616006e+03 0.000000000000000000e+00
6.804181968927094249e-24 7.880462815669912743e+03 0.000000000000000000e+00
6.804181968927094249e-24 1.000000000000000000e+04 1.397475181588764819e-209
8.248746552614580752e-24 1.000000000000000000e+01 0.000000000000000000e+00
8.248746552614580752e-24 1.268961003167922108e+01 0.000000000000000000e+00
8.248746552614580752e-24 1.610262027560939302e+01 0.000000000000000000e+00
8.248746552614580752e-24 2.043359717856941771e+01 0.000000000000000000e+00
8.248746552614580752e-24 2.592943797404667094e+01 0.000000000000000000e+00
8.248746552614580752e-24 3.290344562312667875e+01 0.000000000000000000e+00
8.248746552614580752e-24 4.175318936560400118e+01 0.000000000000000000e+00
8.248746552614580752e-24 5.298316906283707084e+01 0.000000000000000000e+00
8.248746552614580752e-24 6.723357536499334230e+01 0.000000000000000000e+00
8.248746552614580752e-24 8.531678524172805567e+01 0.000000000000000000e+00
8.248746552614580752e-24 1.082636733874054045e+02 0.000000000000000000e+00
8.248746552614580752e-24 1.373823795883263870e+02 0.000000000000000000e+00
8.248746552614580752e-24 1.743328822199987371e+02 0.000000000000000000e+00
8.248746552614580752e-24 2.212216291070450325e+02 0.000000000000000000e+00
8.248746552614580752e-24 2.807216203941175650e+02 0.000000000000000000e+00
8.248746552614580752e-24 3.562247890262444230e+02 0.000000000000000000e+00
8.248746552614580752e-24 4.520353656360240393e+02 0.000000000000000000e+00
8.248746552614580752e-24 5.736152510448681596e+02 0.000000000000000000e+00
8.248746552614580752e-24 7.278953843983146044e+02 0.000000000000000000e+00
8.248746552614580752e-24 9.236708571873865594e+02 0.000000000000000000e+00
8.248746552614580752e-24 1.172102297533480623e+03 0.000000000000000000e+00
8.248746552614580752e-24 1.487352107293511835e+03 0.000000000000000000e+00
8.248746552614580752e-24 1.887391822135097755e+03 0.000000000000000000e+00
8.248746552614580752e-24 2.395026619987485901e+03 0.000000000000000000e+00
8.248746552614580752e-24 3.039195382313198024e+03 0.000000000000000000e+00
8.248746552614580752e-24 3.856620421163472201e+03 0.000000000000000000e+00
8.248746552614580752e-24 4.893900918477494088e+03 0.000000000000000000e+00
8.248746552614580752e-24 6.210169418915616006e+03 0.000000000000000000e+00
8.248746552614580752e-24 7.880462815669912743e+03 0.000000000000000000e+00
8.248746552614580752e-24 1.000000000000000000e+04 4.479966363828693377e-240
9.999999999999999604e-24 1.000000000000000000e+01 0.000000000000000000e+00
9.999999999999999604e-24 1.268961003167922108e+01 0.000000000000000000e+00
9.999999999999999604e-24 1.610262027560939302e+01 0.000000000000000000e+00
9.999999999999999604e-24 2.043359717856941771e+01 0.000000000000000000e+00
9.999999999999999604e-24 2.592943797404667094e+01 0.000000000000000000e+00
9.999999999999999604e-24 3.290344562312667875e+01 0.000000000000000000e+00
9.999999999999999604e-24 4.175318936560400118e+01 0.000000000000000000e+00
9.999999999999999604e-24 5.298316906283707084e+01 0.000000000000000000e+00
9.999999999999999604e-24 6.723357536499334230e+01 0.000000000000000000e+00
9.999999999999999604e-24 8.531678524172805567e+01 0.000000000000000000e+00
9.999999999999999604e-24 1.082636733874054045e+02 0.000000000000000000e+00
9.999999999999999604e-24 1.373823795883263870e+02 0.000000000000000000e+00
9.999999999999999604e-24 1.743328822199987371e+02 0.000000000000000000e+00
9.999999999999999604e-24 2.212216291070450325e+02 0.000000000000000000e+00
9.999999999999999604e-24 2.807216203941175650e+02 0.000000000000000000e+00
9.999999999999999604e-24 3.562247890262444230e+02 0.000000000000000000e+00
9.999999999999999604e-24 4.520353656360240393e+02 0.000000000000000000e+00
9.999999999999999604e-24 5.736152510448681596e+02 0.000000000000000000e+00
9.999999999999999604e-24 7.278953843983146044e+02 0.000000000000000000e+00
9.999999999999999604e-24 9.236708571873865594e+02 0.000000000000000000e+00
9.999999999999999604e-24 1.172102297533480623e+03 0.000000000000000000e+00
9.999999999999999604e-24 1.487352107293511835e+03 0.000000000000000000e+00
9.999999999999999604e-24 1.887391822135097755e+03 0.000000000000000000e+00
9.999999999999999604e-24 2.395026619987485901e+03 0.000000000000000000e+00
9.999999999999999604e-24 3.039195382313198024e+03 0.000000000000000000e+00
9.999999999999999604e-24 3.856620421163472201e+03 0.000000000000000000e+00
9.999999999999999604e-24 4.893900918477494088e+03 0.000000000000000000e+00
9.999999999999999604e-24 6.210169418915616006e+03 0.000000000000000000e+00
9.999999999999999604e-24 7.880462815669912743e+03 0.000000000000000000e+00
9.999999999999999604e-24 1.000000000000000000e+04 9.828647172857274662e-275
